altitude      
      80.0000      81.4947      83.0173      84.5683      86.1483      87.7578
      89.3975      91.0677      92.7691      94.5024      96.2680      98.0666
      99.8988      101.765      103.667      105.603      107.576      109.586
      111.634      113.719      115.844      118.008      120.213      122.459
      124.747      127.078      129.452      131.871      134.334      136.844
      139.401      142.005      144.659      147.361      150.115      152.919
      155.776      158.687      161.651      164.672      167.748      170.882
      174.075      177.327      180.640      184.015      187.453      190.955
      194.523      198.157      201.860      205.631      209.473      213.387
      217.373      221.435      225.572      229.786      234.079      238.453
      242.908      247.446      252.069      256.779      261.576      266.463
      271.442      276.513      281.679      286.942      292.303      297.764
      303.328      308.995      314.768      320.649      326.639      332.742
      338.959      345.292      351.743      358.315      365.009      371.829
      378.776      385.853      393.062      400.405      407.886      415.507
      423.270      431.178      439.234      447.440      455.800      464.316
      472.991      481.828      490.830      500.000
