 satellite set: 2   starttime:    0.00     philm:    0.00

 sat  !    x    !    y    !    vx   !    vy   
   1     -0.50     35.00      0.00      0.00
   2     -2.50     35.00      0.00      0.00
   3     -4.50     35.00      0.00      0.00
   4     -6.50     35.00      0.00      0.00
   5     -8.50     35.00      0.00      0.00
   1      vl / vm / vn   :      0.000    0.000    0.000
   2      vl / vm / vn   :      0.000    0.000    0.000
   3      vl / vm / vn   :      0.000    0.000    0.000
   4      vl / vm / vn   :      0.000    0.000    0.000
   5      vl / vm / vn   :      0.000    0.000    0.000

 time   bl     bm     bn     vl     vm     vn     rhosat psat   bsat   ptot
   0.00  0.462  0.000  0.000  0.277  0.000  0.000  1.000  1.786  0.462  2.000
   0.00  0.986  0.000  0.000  0.592  0.000  0.000  1.000  1.027  0.986  2.000
   0.00  1.000  0.000  0.000  0.600  0.000  0.000  1.000  1.001  1.000  2.000
   0.00  1.000  0.000  0.000  0.600  0.000  0.000  1.000  1.000  1.000  2.000
   0.00  1.000  0.000  0.000  0.600  0.000  0.000  1.000  1.000  1.000  2.000
   1.00  0.462  0.000  0.000  0.277  0.000  0.000  1.000  1.786  0.462  2.000
   1.00  0.986  0.000  0.000  0.591  0.000  0.000  1.000  1.027  0.986  2.000
   1.00  1.000  0.000  0.000  0.600  0.000  0.000  1.000  1.001  1.000  2.000
   1.00  1.000  0.000  0.000  0.600  0.000  0.000  1.000  1.000  1.000  2.000
   1.00  1.000  0.000  0.000  0.600  0.000  0.000  1.000  1.000  1.000  2.000
   2.00  0.462  0.000  0.000  0.276  0.000  0.000  1.000  1.786  0.462  2.000
   2.00  0.986  0.000  0.000  0.590  0.000  0.000  1.000  1.027  0.986  2.000
   2.00  1.000  0.000  0.000  0.600  0.000  0.000  1.000  1.001  1.000  2.000
   2.00  1.000  0.000  0.000  0.600  0.000  0.000  1.000  1.000  1.000  2.000
   2.00  1.000  0.000  0.000  0.600  0.000  0.000  1.000  1.000  1.000  2.000
   3.00  0.462  0.000  0.000  0.276  0.000  0.000  1.000  1.786  0.462  2.000
   3.00  0.986  0.000  0.000  0.590  0.000  0.000  1.000  1.027  0.986  2.000
   3.00  1.000  0.000  0.000  0.600  0.000  0.000  1.000  1.001  1.000  2.000
   3.00  1.000  0.000  0.000  0.600  0.000  0.000  1.000  1.000  1.000  2.000
   3.00  1.000  0.000  0.000  0.600  0.000  0.000  1.000  1.000  1.000  2.000
   4.00  0.462  0.000  0.000  0.276  0.000  0.000  1.000  1.786  0.462  1.999
   4.00  0.986  0.000  0.000  0.590  0.000  0.000  1.000  1.027  0.986  2.000
   4.00  1.000  0.000  0.000  0.600  0.000  0.000  1.000  1.001  1.000  2.000
   4.00  1.000  0.000  0.000  0.600  0.000  0.000  1.000  1.000  1.000  2.000
   4.00  1.000  0.000  0.000  0.600  0.000  0.000  1.000  1.000  1.000  2.000
   5.00  0.462  0.000  0.000  0.276  0.000  0.000  1.000  1.786  0.462  1.999
   5.00  0.986  0.000  0.000  0.590  0.000  0.000  1.000  1.027  0.986  2.000
   5.00  1.000  0.000  0.000  0.600  0.000  0.000  1.000  1.001  1.000  2.000
   5.00  1.000  0.000  0.000  0.600  0.000  0.000  1.000  1.000  1.000  2.000
   5.00  1.000  0.000  0.000  0.600  0.000  0.000  1.000  1.000  1.000  2.000
   6.00  0.462  0.000  0.000  0.276  0.000  0.000  1.000  1.786  0.462  1.999
   6.00  0.986  0.000  0.000  0.590  0.000  0.000  1.000  1.027  0.986  2.000
   6.00  1.000  0.000  0.000  0.600  0.000  0.000  1.000  1.001  1.000  2.000
   6.00  1.000  0.000  0.000  0.600  0.000  0.000  1.000  1.000  1.000  2.000
   6.00  1.000  0.000  0.000  0.600  0.000  0.000  1.000  1.000  1.000  2.000
   7.00  0.462  0.000  0.000  0.276  0.000  0.000  1.000  1.786  0.462  1.999
   7.00  0.986  0.000  0.000  0.590  0.000  0.000  1.000  1.027  0.986  2.000
   7.00  1.000  0.000  0.000  0.600  0.000  0.000  1.000  1.001  1.000  2.000
   7.00  1.000  0.000  0.000  0.600  0.000  0.000  1.000  1.000  1.000  2.000
   7.00  1.000  0.000  0.000  0.600  0.000  0.000  1.000  1.000  1.000  2.000
   8.00  0.462  0.000  0.000  0.276  0.000  0.000  1.000  1.786  0.462  1.999
   8.00  0.986  0.000  0.000  0.590  0.000  0.000  1.000  1.027  0.986  2.000
   8.00  1.000  0.000  0.000  0.600  0.000  0.000  1.000  1.001  1.000  2.000
   8.00  1.000  0.000  0.000  0.600  0.000  0.000  1.000  1.000  1.000  2.000
   8.00  1.000  0.000  0.000  0.600  0.000  0.000  1.000  1.000  1.000  2.000
   9.00  0.462  0.000  0.000  0.276  0.000  0.000  1.000  1.786  0.462  1.999
   9.00  0.986  0.000  0.000  0.590  0.000  0.000  1.000  1.027  0.986  2.000
   9.00  1.000  0.000  0.000  0.600  0.000  0.000  1.000  1.001  1.000  2.000
   9.00  1.000  0.000  0.000  0.600  0.000  0.000  1.000  1.000  1.000  2.000
   9.00  1.000  0.000  0.000  0.600  0.000  0.000  1.000  1.000  1.000  2.000
  10.00  0.462  0.000  0.000  0.276  0.000  0.000  1.000  1.786  0.462  1.999
  10.00  0.986  0.000  0.000  0.590  0.000  0.000  1.000  1.027  0.986  2.000
  10.00  1.000  0.000  0.000  0.600  0.000  0.000  1.000  1.001  1.000  2.000
  10.00  1.000  0.000  0.000  0.600  0.000  0.000  1.000  1.000  1.000  2.000
  10.00  1.000  0.000  0.000  0.600  0.000  0.000  1.000  1.000  1.000  2.000
  11.00  0.462  0.000  0.000  0.276  0.000  0.000  1.000  1.786  0.462  1.999
  11.00  0.986  0.000  0.000  0.590  0.000  0.000  1.000  1.027  0.986  2.000
  11.00  1.000  0.000  0.000  0.600  0.000  0.000  1.000  1.001  1.000  2.000
  11.00  1.000  0.000  0.000  0.600  0.000  0.000  1.000  1.000  1.000  2.000
  11.00  1.000  0.000  0.000  0.600  0.000  0.000  1.000  1.000  1.000  2.000
  12.00  0.462  0.000  0.000  0.276  0.000  0.000  1.000  1.786  0.462  1.999
  12.00  0.986  0.000  0.000  0.590  0.000  0.000  1.000  1.027  0.986  2.000
  12.00  1.000  0.000  0.000  0.600  0.000  0.000  1.000  1.001  1.000  2.000
  12.00  1.000  0.000  0.000  0.600  0.000  0.000  1.000  1.000  1.000  2.000
  12.00  1.000  0.000  0.000  0.600  0.000  0.000  1.000  1.000  1.000  2.000
  13.00  0.462  0.000  0.000  0.276  0.000  0.000  1.000  1.786  0.462  1.999
  13.00  0.986  0.000  0.000  0.590  0.000  0.000  1.000  1.027  0.986  2.000
  13.00  1.000  0.000  0.000  0.600  0.000  0.000  1.000  1.001  1.000  2.000
  13.00  1.000  0.000  0.000  0.600  0.000  0.000  1.000  1.000  1.000  2.000
  13.00  1.000  0.000  0.000  0.600  0.000  0.000  1.000  1.000  1.000  2.000
  14.00  0.462  0.000  0.000  0.276  0.000  0.000  1.000  1.786  0.462  1.999
  14.00  0.986  0.000  0.000  0.590  0.000  0.000  1.000  1.027  0.986  2.000
  14.00  1.000  0.000  0.000  0.600  0.000  0.000  1.000  1.001  1.000  2.000
  14.00  1.000  0.000  0.000  0.600  0.000  0.000  1.000  1.000  1.000  2.000
  14.00  1.000  0.000  0.000  0.600  0.000  0.000  1.000  1.000  1.000  2.000
  15.00  0.462  0.000  0.000  0.276  0.000  0.000  1.000  1.786  0.462  1.999
  15.00  0.986  0.000  0.000  0.589  0.000  0.000  1.000  1.027  0.986  2.000
  15.00  1.000  0.000  0.000  0.600  0.000  0.000  1.000  1.001  1.000  2.000
  15.00  1.000  0.000  0.000  0.600  0.000  0.000  1.000  1.000  1.000  2.000
  15.00  1.000  0.000  0.000  0.600  0.000  0.000  1.000  1.000  1.000  2.000
  16.00  0.462  0.000  0.000  0.276  0.000  0.000  1.000  1.786  0.462  1.999
  16.00  0.986  0.000  0.000  0.589  0.000  0.000  1.000  1.027  0.986  2.000
  16.00  1.000  0.000  0.000  0.600  0.000  0.000  1.000  1.001  1.000  2.000
  16.00  1.000  0.000  0.000  0.600  0.000  0.000  1.000  1.000  1.000  2.000
  16.00  1.000  0.000  0.000  0.600  0.000  0.000  1.000  1.000  1.000  2.000
  17.00  0.462  0.000  0.000  0.276  0.000  0.000  1.000  1.786  0.462  1.999
  17.00  0.986  0.000  0.000  0.589  0.000  0.000  1.000  1.027  0.986  2.000
  17.00  1.000  0.000  0.000  0.600  0.000  0.000  1.000  1.001  1.000  2.000
  17.00  1.000  0.000  0.000  0.600  0.000  0.000  1.000  1.000  1.000  2.000
  17.00  1.000  0.000  0.000  0.600  0.000  0.000  1.000  1.000  1.000  2.000
  18.00  0.462  0.000  0.000  0.276  0.000  0.000  1.000  1.786  0.462  1.999
  18.00  0.986  0.000  0.000  0.589  0.000  0.000  1.000  1.027  0.986  2.000
  18.00  1.000  0.000  0.000  0.600  0.000  0.000  1.000  1.001  1.000  2.000
  18.00  1.000  0.000  0.000  0.600  0.000  0.000  1.000  1.000  1.000  2.000
  18.00  1.000  0.000  0.000  0.600  0.000  0.000  1.000  1.000  1.000  2.000
  19.00  0.462  0.000  0.000  0.276  0.000  0.000  1.000  1.786  0.462  1.999
  19.00  0.986  0.000  0.000  0.589  0.000  0.000  1.000  1.027  0.986  2.000
  19.00  1.000  0.000  0.000  0.600  0.000  0.000  1.000  1.001  1.000  2.000
  19.00  1.000  0.000  0.000  0.600  0.000  0.000  1.000  1.000  1.000  2.000
  19.00  1.000  0.000  0.000  0.600  0.000  0.000  1.000  1.000  1.000  2.000
  20.00  0.462  0.000  0.000  0.276  0.000  0.000  1.000  1.786  0.462  1.999
  20.00  0.986  0.000  0.000  0.589  0.000  0.000  1.000  1.027  0.986  2.000
  20.00  1.000  0.000  0.000  0.600  0.000  0.000  1.000  1.001  1.000  2.000
  20.00  1.000  0.000  0.000  0.600  0.000  0.000  1.000  1.000  1.000  2.000
  20.00  1.000  0.000  0.000  0.600  0.000  0.000  1.000  1.000  1.000  2.000
  21.00  0.462  0.000  0.000  0.276  0.000  0.000  1.000  1.786  0.462  1.999
  21.00  0.986  0.000  0.000  0.589  0.000  0.000  1.000  1.027  0.986  2.000
  21.00  1.000  0.000  0.000  0.600  0.000  0.000  1.000  1.001  1.000  2.000
  21.00  1.000  0.000  0.000  0.600  0.000  0.000  1.000  1.000  1.000  2.000
  21.00  1.000  0.000  0.000  0.600  0.000  0.000  1.000  1.000  1.000  2.000
  22.00  0.462  0.000  0.000  0.276  0.000  0.000  1.000  1.786  0.462  1.999
  22.00  0.986  0.000  0.000  0.588  0.000  0.000  1.000  1.027  0.986  2.000
  22.00  1.000  0.000  0.000  0.600  0.000  0.000  1.000  1.001  1.000  2.000
  22.00  1.000  0.000  0.000  0.600  0.000  0.000  1.000  1.000  1.000  2.000
  22.00  1.000  0.000  0.000  0.600  0.000  0.000  1.000  1.000  1.000  2.000
  23.00  0.462  0.000  0.000  0.276  0.000  0.000  1.000  1.786  0.462  1.999
  23.00  0.986  0.000  0.000  0.588  0.000  0.000  1.000  1.027  0.986  2.000
  23.00  1.000  0.000  0.000  0.600  0.000  0.000  1.000  1.001  1.000  2.000
  23.00  1.000  0.000  0.000  0.600  0.000  0.000  1.000  1.000  1.000  2.000
  23.00  1.000  0.000  0.000  0.600  0.000  0.000  1.000  1.000  1.000  2.000
  24.00  0.462  0.000  0.000  0.276  0.000  0.000  1.000  1.786  0.462  1.999
  24.00  0.986  0.000  0.000  0.588  0.000  0.000  1.000  1.027  0.986  2.000
  24.00  1.000  0.000  0.000  0.600  0.000  0.000  1.000  1.000  1.000  2.000
  24.00  1.000  0.000  0.000  0.600  0.000  0.000  1.000  1.000  1.000  2.000
  24.00  1.000  0.000  0.000  0.600  0.000  0.000  1.000  1.000  1.000  2.000
  25.00  0.462  0.000  0.000  0.276  0.000  0.000  1.000  1.786  0.462  1.999
  25.00  0.986  0.000  0.000  0.588  0.000  0.000  1.000  1.027  0.986  2.000
  25.00  1.000  0.000  0.000  0.600  0.000  0.000  1.000  1.000  1.000  2.000
  25.00  1.000  0.000  0.000  0.600  0.000  0.000  1.000  1.000  1.000  2.000
  25.00  1.000  0.000  0.000  0.600  0.000  0.000  1.000  1.000  1.000  2.000
  26.00  0.462  0.000  0.000  0.276  0.000  0.000  1.000  1.786  0.462  1.999
  26.00  0.986  0.000  0.000  0.588  0.000  0.000  1.000  1.027  0.986  2.000
  26.00  1.000  0.000  0.000  0.600  0.000  0.000  1.000  1.000  1.000  2.000
  26.00  1.000  0.000  0.000  0.600  0.000  0.000  1.000  1.000  1.000  2.000
  26.00  1.000  0.000  0.000  0.600  0.000  0.000  1.000  1.000  1.000  2.000
  27.00  0.462  0.000  0.000  0.276  0.000  0.000  1.000  1.786  0.462  1.999
  27.00  0.986  0.000  0.000  0.588  0.000  0.000  1.000  1.027  0.986  2.000
  27.00  1.000  0.000  0.000  0.600  0.000  0.000  1.000  1.000  1.000  2.000
  27.00  1.000  0.000  0.000  0.600  0.000  0.000  1.000  1.000  1.000  2.000
  27.00  1.000  0.000  0.000  0.600  0.000  0.000  1.000  1.000  1.000  2.000
  28.00  0.462  0.000  0.000  0.276  0.000  0.000  1.000  1.786  0.462  1.999
  28.00  0.986  0.000  0.000  0.588  0.000  0.000  1.000  1.027  0.986  2.000
  28.00  1.000  0.000  0.000  0.600  0.000  0.000  1.000  1.000  1.000  2.000
  28.00  1.000  0.000  0.000  0.600  0.000  0.000  1.000  1.000  1.000  2.000
  28.00  1.000  0.000  0.000  0.600  0.000  0.000  1.000  1.000  1.000  2.000
  29.00  0.462  0.000  0.000  0.276  0.000  0.000  1.000  1.786  0.462  1.999
  29.00  0.986  0.000  0.000  0.588  0.000  0.000  1.000  1.027  0.986  2.000
  29.00  1.000  0.000  0.000  0.600  0.000  0.000  1.000  1.000  1.000  2.000
  29.00  1.000  0.000  0.000  0.600  0.000  0.000  1.000  1.000  1.000  2.000
  29.00  1.000  0.000  0.000  0.600  0.000  0.000  1.000  1.000  1.000  2.000
  30.00  0.462  0.000  0.000  0.276  0.000  0.000  1.000  1.786  0.462  2.000
  30.00  0.986  0.000  0.000  0.588  0.000  0.000  1.000  1.027  0.986  2.000
  30.00  1.000  0.000  0.000  0.600  0.000  0.000  1.000  1.000  1.000  2.000
  30.00  1.000  0.000  0.000  0.600  0.000  0.000  1.000  1.000  1.000  2.000
  30.00  1.000  0.000  0.000  0.600  0.000  0.000  1.000  1.000  1.000  2.000
  31.00  0.462  0.000  0.000  0.276  0.000  0.000  1.000  1.786  0.462  2.000
  31.00  0.986  0.000  0.000  0.588  0.000  0.000  1.000  1.027  0.986  2.000
  31.00  1.000  0.000  0.000  0.600  0.000  0.000  1.000  1.001  1.000  2.000
  31.00  1.000  0.000  0.000  0.600  0.000  0.000  1.000  1.000  1.000  2.000
  31.00  1.000  0.000  0.000  0.600  0.000  0.000  1.000  1.000  1.000  2.000
  32.00  0.462  0.000  0.000  0.276  0.000  0.000  1.000  1.787  0.462  2.000
  32.00  0.986  0.000  0.000  0.588  0.000  0.000  1.000  1.027  0.986  2.000
  32.00  1.000  0.000  0.000  0.600  0.000  0.000  1.000  1.001  1.000  2.000
  32.00  1.000  0.000  0.000  0.600  0.000  0.000  1.000  1.000  1.000  2.000
  32.00  1.000  0.000  0.000  0.600  0.000  0.000  1.000  1.000  1.000  2.000
  33.00  0.462  0.000  0.000  0.276  0.000  0.000  1.000  1.787  0.462  2.000
  33.00  0.987  0.000  0.000  0.588  0.000  0.000  1.000  1.027  0.987  2.000
  33.00  1.000  0.000  0.000  0.600  0.000  0.000  1.000  1.001  1.000  2.000
  33.00  1.000  0.000  0.000  0.600  0.000  0.000  1.000  1.000  1.000  2.000
  33.00  1.000  0.000  0.000  0.600  0.000  0.000  1.000  1.000  1.000  2.000
  34.00  0.462  0.000  0.000  0.275  0.000  0.000  1.000  1.788  0.462  2.001
  34.00  0.987  0.000  0.000  0.588  0.000  0.000  1.000  1.027  0.987  2.001
  34.00  1.000  0.000  0.000  0.600  0.000  0.000  1.000  1.001  1.000  2.000
  34.00  1.000  0.000  0.000  0.600  0.000  0.000  1.000  1.000  1.000  2.000
  34.00  1.000  0.000  0.000  0.600  0.000  0.000  1.000  1.000  1.000  2.000
  35.00  0.461  0.000  0.000  0.275  0.000 -0.001  1.001  1.788  0.461  2.001
  35.00  0.987  0.000  0.000  0.587  0.000  0.000  1.000  1.028  0.987  2.001
  35.00  1.000  0.000  0.000  0.600  0.000  0.000  1.000  1.001  1.000  2.000
  35.00  1.000  0.000  0.000  0.600  0.000  0.000  1.000  1.000  1.000  2.000
  35.00  1.000  0.000  0.000  0.600  0.000  0.000  1.000  1.000  1.000  2.000
  36.00  0.461  0.000  0.000  0.275  0.000 -0.001  1.001  1.789  0.461  2.002
  36.00  0.987  0.000  0.000  0.587  0.000 -0.001  1.001  1.028  0.987  2.001
  36.00  1.000  0.000  0.000  0.599  0.000  0.000  1.000  1.001  1.000  2.001
  36.00  1.000  0.000  0.000  0.600  0.000  0.000  1.000  1.000  1.000  2.000
  36.00  1.000  0.000  0.000  0.600  0.000  0.000  1.000  1.000  1.000  2.000
  37.00  0.460  0.000  0.000  0.274  0.000 -0.001  1.001  1.790  0.460  2.002
  37.00  0.987  0.000  0.001  0.587  0.000 -0.001  1.001  1.028  0.987  2.002
  37.00  1.000  0.000  0.000  0.599  0.000 -0.001  1.000  1.001  1.000  2.001
  37.00  1.000  0.000  0.000  0.600  0.000  0.000  1.000  1.000  1.000  2.001
  37.00  1.000  0.000  0.000  0.600  0.000  0.000  1.000  1.000  1.000  2.000
  38.00  0.460  0.000  0.000  0.273  0.000 -0.001  1.001  1.791  0.460  2.003
  38.00  0.987  0.000  0.001  0.587  0.000 -0.001  1.001  1.028  0.987  2.002
  38.00  1.000  0.000  0.000  0.599  0.000 -0.001  1.001  1.001  1.000  2.002
  38.00  1.000  0.000  0.000  0.600  0.000  0.000  1.000  1.001  1.000  2.001
  38.00  1.000  0.000  0.000  0.600  0.000  0.000  1.000  1.000  1.000  2.000
  39.00  0.459  0.000  0.001  0.273  0.000 -0.001  1.002  1.793  0.459  2.004
  39.00  0.987  0.000  0.001  0.587  0.000 -0.001  1.001  1.029  0.987  2.003
  39.00  1.000  0.000  0.001  0.599  0.000 -0.001  1.001  1.002  1.000  2.002
  39.00  1.000  0.000  0.000  0.600  0.000 -0.001  1.000  1.001  1.000  2.001
  39.00  1.000  0.000  0.000  0.600  0.000  0.000  1.000  1.000  1.000  2.001
  40.00  0.458  0.000  0.001  0.272  0.000 -0.002  1.002  1.795  0.458  2.005
  40.00  0.987  0.000  0.001  0.587  0.000 -0.002  1.001  1.029  0.987  2.004
  40.00  1.000  0.000  0.001  0.599  0.000 -0.001  1.001  1.002  1.000  2.003
  40.00  1.000  0.000  0.001  0.600  0.000 -0.001  1.001  1.001  1.000  2.002
  40.00  1.000  0.000  0.000  0.600  0.000  0.000  1.000  1.001  1.000  2.001
  41.00  0.457  0.000  0.001  0.271  0.000 -0.002  1.002  1.797  0.457  2.006
  41.00  0.987  0.000  0.001  0.586  0.000 -0.002  1.002  1.030  0.987  2.005
  41.00  1.000  0.000  0.001  0.599  0.000 -0.001  1.001  1.002  1.000  2.003
  41.00  1.001  0.000  0.001  0.600  0.000 -0.001  1.001  1.001  1.001  2.002
  41.00  1.000  0.000  0.000  0.600  0.000 -0.001  1.001  1.001  1.000  2.002
  42.00  0.456  0.000  0.001  0.269  0.000 -0.002  1.003  1.799  0.456  2.006
  42.00  0.988  0.000  0.002  0.586  0.000 -0.002  1.002  1.030  0.988  2.006
  42.00  1.001  0.000  0.001  0.599  0.000 -0.002  1.001  1.003  1.001  2.004
  42.00  1.001  0.000  0.001  0.599  0.000 -0.001  1.001  1.002  1.001  2.003
  42.00  1.000  0.000  0.001  0.600  0.000 -0.001  1.001  1.001  1.000  2.002
  43.00  0.454  0.000  0.001  0.268  0.000 -0.003  1.003  1.801  0.454  2.007
  43.00  0.988  0.000  0.002  0.586  0.000 -0.003  1.002  1.031  0.988  2.006
  43.00  1.001  0.000  0.002  0.599  0.000 -0.002  1.002  1.003  1.001  2.005
  43.00  1.001  0.000  0.001  0.599  0.000 -0.002  1.001  1.002  1.001  2.004
  43.00  1.001  0.000  0.001  0.600  0.000 -0.001  1.001  1.001  1.001  2.003
  44.00  0.453  0.000  0.001  0.266  0.000 -0.003  1.003  1.803  0.453  2.008
  44.00  0.988  0.000  0.002  0.586  0.000 -0.003  1.003  1.031  0.988  2.007
  44.00  1.001  0.000  0.002  0.598  0.000 -0.003  1.002  1.004  1.001  2.006
  44.00  1.001  0.000  0.001  0.599  0.000 -0.002  1.002  1.003  1.001  2.005
  44.00  1.001  0.000  0.001  0.599  0.000 -0.001  1.001  1.002  1.001  2.003
  45.00  0.451  0.000  0.001  0.265  0.000 -0.003  1.003  1.806  0.451  2.009
  45.00  0.988  0.000  0.003  0.585  0.000 -0.004  1.003  1.032  0.988  2.008
  45.00  1.001  0.000  0.002  0.598  0.000 -0.003  1.002  1.005  1.001  2.007
  45.00  1.001  0.000  0.002  0.599  0.000 -0.002  1.002  1.003  1.001  2.005
  45.00  1.001  0.000  0.001  0.599  0.000 -0.002  1.001  1.002  1.001  2.004
  46.00  0.449  0.000  0.001  0.263  0.000 -0.003  1.004  1.809  0.449  2.010
  46.00  0.988  0.000  0.003  0.585  0.000 -0.004  1.003  1.033  0.988  2.009
  46.00  1.001  0.000  0.002  0.598  0.000 -0.004  1.003  1.005  1.001  2.008
  46.00  1.001  0.000  0.002  0.599  0.000 -0.003  1.002  1.004  1.001  2.006
  46.00  1.001  0.000  0.001  0.599  0.000 -0.002  1.002  1.003  1.001  2.005
  47.00  0.446  0.000  0.002  0.261  0.000 -0.004  1.004  1.812  0.446  2.011
  47.00  0.988  0.000  0.003  0.585  0.000 -0.005  1.004  1.033  0.988  2.010
  47.00  1.002  0.000  0.003  0.598  0.000 -0.004  1.003  1.006  1.002  2.009
  47.00  1.002  0.000  0.002  0.599  0.000 -0.003  1.003  1.004  1.002  2.007
  47.00  1.001  0.000  0.002  0.599  0.000 -0.003  1.002  1.003  1.001  2.006
  48.00  0.444  0.000  0.002  0.259  0.000 -0.004  1.005  1.815  0.444  2.012
  48.00  0.988  0.000  0.004  0.584  0.000 -0.005  1.004  1.034  0.988  2.011
  48.00  1.002  0.000  0.003  0.598  0.000 -0.004  1.003  1.006  1.002  2.010
  48.00  1.002  0.000  0.003  0.598  0.000 -0.004  1.003  1.005  1.002  2.008
  48.00  1.001  0.000  0.002  0.599  0.000 -0.003  1.002  1.004  1.001  2.007
  49.00  0.441  0.000  0.002  0.257  0.000 -0.004  1.005  1.818  0.441  2.013
  49.00  0.989  0.000  0.004  0.584  0.000 -0.005  1.004  1.035  0.989  2.012
  49.00  1.002  0.000  0.003  0.597  0.000 -0.005  1.004  1.007  1.002  2.011
  49.00  1.002  0.000  0.003  0.598  0.000 -0.004  1.003  1.005  1.002  2.009
  49.00  1.002  0.000  0.002  0.598  0.000 -0.003  1.003  1.005  1.002  2.008
  50.00  0.438  0.000  0.002  0.255  0.000 -0.005  1.005  1.822  0.438  2.014
  50.00  0.989  0.000  0.004  0.583  0.000 -0.006  1.005  1.036  0.989  2.013
  50.00  1.002  0.000  0.004  0.597  0.000 -0.005  1.004  1.007  1.002  2.012
  50.00  1.002  0.000  0.003  0.598  0.000 -0.005  1.004  1.006  1.002  2.010
  50.00  1.002  0.000  0.003  0.598  0.000 -0.004  1.003  1.005  1.002  2.009
  51.00  0.435  0.000  0.002  0.252  0.000 -0.005  1.006  1.826  0.435  2.016
  51.00  0.989  0.000  0.005  0.583  0.000 -0.007  1.005  1.037  0.989  2.014
  51.00  1.002  0.000  0.004  0.597  0.000 -0.006  1.004  1.008  1.002  2.013
  51.00  1.002  0.000  0.004  0.598  0.000 -0.005  1.004  1.007  1.002  2.011
  51.00  1.002  0.000  0.003  0.598  0.000 -0.004  1.003  1.006  1.002  2.010
  52.00  0.431  0.000  0.002  0.249  0.000 -0.006  1.006  1.831  0.431  2.017
  52.00  0.989  0.000  0.005  0.582  0.000 -0.007  1.006  1.037  0.989  2.016
  52.00  1.003  0.000  0.005  0.597  0.000 -0.006  1.005  1.009  1.003  2.014
  52.00  1.002  0.000  0.004  0.597  0.000 -0.006  1.004  1.007  1.002  2.012
  52.00  1.002  0.000  0.003  0.598  0.000 -0.005  1.004  1.006  1.002  2.011
  53.00  0.428  0.000  0.003  0.246  0.000 -0.006  1.007  1.837  0.428  2.019
  53.00  0.989  0.000  0.006  0.582  0.000 -0.008  1.006  1.039  0.989  2.017
  53.00  1.003  0.000  0.005  0.596  0.000 -0.007  1.005  1.010  1.003  2.015
  53.00  1.003  0.000  0.004  0.597  0.000 -0.006  1.005  1.008  1.003  2.013
  53.00  1.002  0.000  0.004  0.598  0.000 -0.005  1.004  1.007  1.002  2.012
  54.00  0.423  0.000  0.003  0.242  0.000 -0.007  1.008  1.842  0.423  2.022
  54.00  0.989  0.000  0.006  0.581  0.000 -0.009  1.007  1.040  0.989  2.019
  54.00  1.003  0.000  0.006  0.596  0.000 -0.008  1.006  1.010  1.003  2.017
  54.00  1.003  0.000  0.005  0.597  0.000 -0.007  1.005  1.009  1.003  2.014
  54.00  1.003  0.000  0.004  0.597  0.000 -0.006  1.004  1.007  1.003  2.013
  55.00  0.418  0.000  0.003  0.238  0.000 -0.008  1.009  1.849  0.418  2.024
  55.00  0.990  0.000  0.007  0.581  0.000 -0.010  1.008  1.042  0.990  2.021
  55.00  1.003  0.000  0.006  0.596  0.000 -0.008  1.007  1.011  1.003  2.018
  55.00  1.003  0.000  0.005  0.597  0.000 -0.007  1.006  1.009  1.003  2.016
  55.00  1.003  0.000  0.005  0.597  0.000 -0.007  1.005  1.008  1.003  2.014
  56.00  0.413  0.000  0.003  0.234  0.000 -0.009  1.010  1.856  0.413  2.027
  56.00  0.990  0.000  0.008  0.580  0.000 -0.011  1.009  1.044  0.990  2.024
  56.00  1.004  0.000  0.007  0.595  0.000 -0.010  1.007  1.013  1.004  2.020
  56.00  1.003  0.000  0.006  0.596  0.000 -0.008  1.006  1.010  1.003  2.017
  56.00  1.003  0.000  0.005  0.597  0.000 -0.007  1.005  1.009  1.003  2.015
  57.00  0.407  0.000  0.004  0.229  0.000 -0.010  1.011  1.864  0.407  2.029
  57.00  0.990  0.000  0.009  0.579  0.000 -0.012  1.010  1.046  0.990  2.026
  57.00  1.004  0.000  0.008  0.595  0.000 -0.011  1.008  1.014  1.004  2.022
  57.00  1.004  0.000  0.007  0.596  0.000 -0.009  1.007  1.011  1.004  2.019
  57.00  1.003  0.000  0.006  0.596  0.000 -0.008  1.006  1.010  1.003  2.016
  58.00  0.400  0.000  0.004  0.223  0.000 -0.010  1.011  1.872  0.400  2.032
  58.00  0.990  0.000  0.010  0.578  0.000 -0.013  1.010  1.048  0.990  2.029
  58.00  1.005  0.000  0.009  0.594  0.000 -0.012  1.009  1.015  1.005  2.025
  58.00  1.004  0.000  0.008  0.595  0.000 -0.010  1.008  1.013  1.004  2.021
  58.00  1.003  0.000  0.007  0.596  0.000 -0.009  1.006  1.011  1.003  2.018
  59.00  0.393  0.000  0.004  0.217  0.000 -0.011  1.013  1.881  0.393  2.036
  59.00  0.991  0.000  0.011  0.578  0.000 -0.015  1.012  1.050  0.991  2.032
  59.00  1.005  0.000  0.010  0.594  0.000 -0.013  1.010  1.017  1.005  2.027
  59.00  1.005  0.000  0.008  0.595  0.000 -0.011  1.008  1.014  1.005  2.023
  59.00  1.004  0.000  0.007  0.596  0.000 -0.010  1.007  1.012  1.004  2.019
  60.00  0.384  0.000  0.005  0.211  0.000 -0.012  1.013  1.890  0.384  2.038
  60.00  0.991  0.000  0.012  0.577  0.000 -0.016  1.013  1.053  0.991  2.035
  60.00  1.006  0.000  0.011  0.593  0.000 -0.014  1.011  1.019  1.006  2.030
  60.00  1.005  0.000  0.009  0.594  0.000 -0.013  1.009  1.015  1.005  2.025
  60.00  1.004  0.000  0.008  0.595  0.000 -0.011  1.008  1.013  1.004  2.021
  61.00  0.376  0.000  0.005  0.204  0.000 -0.013  1.014  1.900  0.376  2.041
  61.00  0.991  0.000  0.013  0.576  0.000 -0.017  1.014  1.055  0.991  2.037
  61.00  1.006  0.000  0.012  0.592  0.000 -0.016  1.012  1.020  1.006  2.033
  61.00  1.005  0.000  0.010  0.594  0.000 -0.014  1.010  1.017  1.006  2.028
  61.00  1.005  0.000  0.009  0.595  0.000 -0.012  1.009  1.014  1.005  2.023
  62.00  0.366  0.000  0.005  0.197  0.000 -0.014  1.015  1.909  0.366  2.043
  62.00  0.991  0.000  0.014  0.575  0.000 -0.019  1.015  1.058  0.991  2.040
  62.00  1.007  0.000  0.013  0.592  0.000 -0.017  1.013  1.022  1.007  2.035
  62.00  1.006  0.000  0.012  0.593  0.000 -0.016  1.011  1.019  1.006  2.031
  62.00  1.005  0.000  0.010  0.594  0.000 -0.014  1.009  1.016  1.005  2.026
  63.00  0.356  0.000  0.005  0.190  0.000 -0.014  1.016  1.918  0.356  2.045
  63.00  0.991  0.000  0.015  0.574  0.000 -0.020  1.015  1.060  0.991  2.042
  63.00  1.007  0.000  0.014  0.591  0.000 -0.019  1.014  1.024  1.007  2.038
  63.00  1.006  0.000  0.013  0.592  0.000 -0.017  1.012  1.020  1.007  2.033
  63.00  1.005  0.000  0.012  0.594  0.000 -0.016  1.010  1.017  1.005  2.028
  64.00  0.345  0.000  0.005  0.183  0.000 -0.015  1.016  1.928  0.345  2.047
  64.00  0.991  0.000  0.016  0.573  0.000 -0.021  1.016  1.062  0.991  2.044
  64.00  1.008  0.000  0.015  0.590  0.000 -0.020  1.015  1.025  1.008  2.040
  64.00  1.007  0.000  0.014  0.592  0.000 -0.019  1.013  1.022  1.007  2.036
  64.00  1.006  0.000  0.013  0.593  0.000 -0.017  1.011  1.018  1.006  2.030
  65.00  0.334  0.000  0.005  0.175  0.000 -0.016  1.017  1.937  0.334  2.048
  65.00  0.991  0.000  0.017  0.572  0.000 -0.022  1.017  1.064  0.991  2.046
  65.00  1.008  0.000  0.016  0.590  0.000 -0.022  1.015  1.027  1.008  2.043
  65.00  1.007  0.000  0.015  0.591  0.000 -0.021  1.014  1.023  1.007  2.038
  65.00  1.006  0.000  0.014  0.592  0.000 -0.019  1.012  1.020  1.006  2.033
  66.00  0.322  0.000  0.005  0.166  0.000 -0.016  1.017  1.946  0.322  2.050
  66.00  0.990  0.000  0.018  0.571  0.000 -0.024  1.017  1.066  0.991  2.047
  66.00  1.008  0.000  0.017  0.589  0.000 -0.023  1.016  1.028  1.008  2.045
  66.00  1.008  0.000  0.016  0.591  0.000 -0.022  1.015  1.024  1.008  2.040
  66.00  1.007  0.000  0.015  0.592  0.000 -0.021  1.013  1.021  1.007  2.035
  67.00  0.310  0.000  0.006  0.158  0.000 -0.017  1.018  1.956  0.310  2.052
  67.00  0.990  0.000  0.019  0.570  0.000 -0.025  1.018  1.068  0.990  2.049
  67.00  1.008  0.000  0.018  0.589  0.000 -0.025  1.017  1.029  1.009  2.046
  67.00  1.008  0.000  0.018  0.590  0.000 -0.024  1.015  1.026  1.008  2.042
  67.00  1.007  0.000  0.017  0.591  0.000 -0.023  1.013  1.023  1.007  2.037
  68.00  0.297  0.000  0.006  0.148  0.000 -0.018  1.018  1.966  0.297  2.054
  68.00  0.990  0.000  0.020  0.569  0.000 -0.027  1.019  1.070  0.990  2.050
  68.00  1.009  0.000  0.020  0.588  0.000 -0.026  1.017  1.030  1.009  2.047
  68.00  1.008  0.000  0.019  0.590  0.000 -0.026  1.016  1.027  1.008  2.043
  68.00  1.007  0.000  0.018  0.591  0.000 -0.025  1.014  1.024  1.007  2.038
  69.00  0.283  0.000  0.006  0.138  0.000 -0.019  1.019  1.975  0.283  2.056
  69.00  0.989  0.000  0.021  0.568  0.000 -0.028  1.019  1.073  0.990  2.052
  69.00  1.009  0.000  0.021  0.588  0.000 -0.028  1.018  1.031  1.009  2.050
  69.00  1.008  0.000  0.020  0.589  0.000 -0.027  1.016  1.028  1.008  2.045
  69.00  1.007  0.000  0.020  0.590  0.000 -0.026  1.015  1.025  1.008  2.040
  70.00  0.268  0.000  0.006  0.127  0.000 -0.019  1.020  1.986  0.268  2.058
  70.00  0.989  0.000  0.022  0.567  0.000 -0.030  1.020  1.075  0.989  2.053
  70.00  1.009  0.000  0.022  0.587  0.000 -0.030  1.019  1.032  1.009  2.051
  70.00  1.008  0.000  0.021  0.589  0.000 -0.029  1.017  1.029  1.009  2.046
  70.00  1.008  0.000  0.021  0.590  0.000 -0.028  1.016  1.026  1.008  2.042
  71.00  0.252  0.000  0.006  0.116  0.000 -0.020  1.020  1.997  0.252  2.060
  71.00  0.988  0.000  0.024  0.565  0.000 -0.032  1.021  1.078  0.988  2.055
  71.00  1.009  0.000  0.023  0.587  0.000 -0.031  1.020  1.034  1.010  2.053
  71.00  1.009  0.000  0.023  0.588  0.000 -0.031  1.018  1.030  1.009  2.048
  71.00  1.008  0.000  0.022  0.589  0.000 -0.030  1.016  1.027  1.008  2.043
  72.00  0.235  0.000  0.005  0.104  0.000 -0.021  1.021  2.007  0.235  2.063
  72.00  0.988  0.000  0.025  0.564  0.000 -0.033  1.022  1.082  0.988  2.058
  72.00  1.010  0.000  0.025  0.586  0.000 -0.033  1.020  1.035  1.010  2.055
  72.00  1.009  0.000  0.024  0.588  0.000 -0.032  1.019  1.031  1.009  2.050
  72.00  1.008  0.000  0.023  0.589  0.000 -0.031  1.017  1.028  1.008  2.045
  73.00  0.217  0.000  0.005  0.092  0.000 -0.022  1.022  2.018  0.217  2.065
  73.00  0.987  0.000  0.026  0.562  0.000 -0.035  1.023  1.086  0.988  2.061
  73.00  1.010  0.000  0.026  0.586  0.000 -0.035  1.021  1.036  1.010  2.056
  73.00  1.009  0.000  0.026  0.587  0.000 -0.034  1.019  1.032  1.009  2.051
  73.00  1.008  0.000  0.025  0.588  0.000 -0.033  1.018  1.029  1.009  2.047
  74.00  0.199  0.000  0.005  0.078  0.000 -0.023  1.023  2.029  0.199  2.068
  74.00  0.987  0.000  0.028  0.561  0.000 -0.037  1.024  1.090  0.987  2.064
  74.00  1.010  0.000  0.028  0.585  0.000 -0.037  1.022  1.037  1.010  2.058
  74.00  1.009  0.000  0.027  0.586  0.000 -0.036  1.020  1.034  1.010  2.054
  74.00  1.008  0.000  0.026  0.588  0.000 -0.035  1.018  1.031  1.009  2.048
  75.00  0.179  0.000  0.005  0.064  0.000 -0.024  1.023  2.039  0.179  2.071
  75.00  0.986  0.000  0.029  0.559  0.000 -0.039  1.025  1.094  0.986  2.066
  75.00  1.010  0.000  0.029  0.584  0.000 -0.038  1.022  1.039  1.011  2.060
  75.00  1.010  0.000  0.028  0.586  0.000 -0.038  1.021  1.035  1.010  2.055
  75.00  1.009  0.000  0.028  0.587  0.000 -0.037  1.019  1.032  1.009  2.050
  76.00  0.158  0.000  0.004  0.050  0.000 -0.024  1.024  2.048  0.158  2.073
  76.00  0.985  0.000  0.030  0.558  0.000 -0.040  1.027  1.099  0.985  2.069
  76.00  1.011  0.000  0.031  0.583  0.000 -0.040  1.023  1.040  1.011  2.062
  76.00  1.010  0.000  0.030  0.585  0.000 -0.039  1.022  1.036  1.010  2.057
  76.00  1.009  0.000  0.029  0.586  0.000 -0.039  1.020  1.033  1.009  2.052
  77.00  0.137  0.000  0.004  0.035  0.000 -0.024  1.024  2.055  0.137  2.074
  77.00  0.984  0.000  0.032  0.556  0.000 -0.042  1.028  1.103  0.984  2.072
  77.00  1.011  0.000  0.032  0.583  0.000 -0.042  1.024  1.042  1.011  2.065
  77.00  1.010  0.000  0.031  0.584  0.000 -0.041  1.023  1.038  1.011  2.059
  77.00  1.009  0.000  0.031  0.586  0.000 -0.040  1.021  1.035  1.010  2.054
  78.00  0.116  0.000  0.003  0.020  0.000 -0.024  1.025  2.062  0.116  2.075
  78.00  0.982  0.000  0.033  0.554  0.000 -0.044  1.028  1.107  0.983  2.073
  78.00  1.011  0.000  0.034  0.582  0.000 -0.044  1.025  1.044  1.012  2.067
  78.00  1.010  0.000  0.033  0.584  0.000 -0.043  1.024  1.040  1.011  2.062
  78.00  1.009  0.000  0.032  0.585  0.000 -0.042  1.021  1.036  1.010  2.055
  79.00  0.094  0.000  0.003  0.004  0.000 -0.025  1.026  2.068  0.094  2.077
  79.00  0.980  0.000  0.034  0.552  0.000 -0.045  1.029  1.111  0.981  2.074
  79.00  1.011  0.000  0.035  0.581  0.000 -0.046  1.026  1.045  1.012  2.069
  79.00  1.011  0.000  0.034  0.583  0.000 -0.045  1.024  1.041  1.011  2.064
  79.00  1.010  0.000  0.033  0.584  0.000 -0.044  1.022  1.038  1.010  2.058
  80.00  0.073  0.000  0.002 -0.013  0.000 -0.025  1.027  2.074  0.073  2.080
  80.00  0.979  0.000  0.035  0.550  0.000 -0.047  1.029  1.116  0.979  2.075
  80.00  1.011  0.000  0.036  0.581  0.000 -0.047  1.027  1.047  1.012  2.071
  80.00  1.011  0.000  0.036  0.582  0.000 -0.047  1.025  1.043  1.011  2.066
  80.00  1.010  0.000  0.035  0.584  0.000 -0.046  1.024  1.040  1.011  2.061
  81.00  0.050  0.000  0.002 -0.031  0.000 -0.026  1.028  2.079  0.050  2.082
  81.00  0.977  0.000  0.037  0.547  0.000 -0.049  1.030  1.121  0.977  2.076
  81.00  1.012  0.000  0.038  0.580  0.000 -0.049  1.028  1.048  1.012  2.073
  81.00  1.011  0.000  0.037  0.582  0.000 -0.049  1.026  1.044  1.012  2.068
  81.00  1.010  0.000  0.036  0.583  0.000 -0.048  1.025  1.041  1.011  2.063
  82.00  0.028  0.000  0.001 -0.049  0.000 -0.025  1.029  2.083  0.028  2.084
  82.00  0.975  0.000  0.038  0.545  0.000 -0.051  1.031  1.127  0.976  2.079
  82.00  1.012  0.000  0.039  0.579  0.000 -0.051  1.029  1.050  1.012  2.075
  82.00  1.011  0.000  0.038  0.581  0.000 -0.050  1.028  1.046  1.012  2.071
  82.00  1.010  0.000  0.038  0.582  0.000 -0.049  1.026  1.043  1.011  2.066
  83.00  0.007  0.000  0.000 -0.070  0.000 -0.025  1.029  2.086  0.007  2.086
  83.00  0.972  0.000  0.039  0.541  0.000 -0.052  1.033  1.133  0.973  2.080
  83.00  1.012  0.000  0.040  0.578  0.000 -0.053  1.030  1.052  1.013  2.078
  83.00  1.012  0.000  0.040  0.580  0.000 -0.052  1.029  1.048  1.012  2.073
  83.00  1.011  0.000  0.039  0.581  0.000 -0.051  1.027  1.045  1.011  2.068
  84.00 -0.015  0.000  0.000 -0.091  0.000 -0.025  1.030  2.089  0.015  2.089
  84.00  0.970  0.000  0.040  0.538  0.000 -0.054  1.034  1.140  0.971  2.083
  84.00  1.012  0.000  0.042  0.577  0.000 -0.054  1.032  1.054  1.013  2.081
  84.00  1.012  0.000  0.041  0.579  0.000 -0.053  1.030  1.050  1.013  2.075
  84.00  1.011  0.000  0.040  0.580  0.000 -0.053  1.028  1.047  1.012  2.070
  85.00 -0.035  0.000 -0.001 -0.114  0.000 -0.025  1.031  2.091  0.035  2.092
  85.00  0.968  0.000  0.041  0.535  0.000 -0.055  1.035  1.149  0.969  2.087
  85.00  1.013  0.000  0.043  0.576  0.000 -0.056  1.033  1.056  1.014  2.084
  85.00  1.012  0.000  0.042  0.578  0.000 -0.055  1.031  1.052  1.013  2.078
  85.00  1.011  0.000  0.041  0.579  0.000 -0.054  1.029  1.048  1.012  2.072
  86.00 -0.053  0.000 -0.001 -0.138  0.000 -0.025  1.032  2.093  0.053  2.095
  86.00  0.965  0.000  0.042  0.532  0.000 -0.056  1.037  1.158  0.966  2.090
  86.00  1.013  0.000  0.044  0.575  0.000 -0.057  1.034  1.059  1.014  2.087
  86.00  1.012  0.000  0.044  0.577  0.000 -0.057  1.032  1.054  1.013  2.080
  86.00  1.011  0.000  0.043  0.578  0.000 -0.056  1.030  1.050  1.012  2.075
  87.00 -0.064  0.000 -0.002 -0.165  0.000 -0.025  1.033  2.093  0.064  2.097
  87.00  0.961  0.000  0.043  0.527  0.000 -0.057  1.039  1.169  0.962  2.094
  87.00  1.013  0.000  0.045  0.574  0.000 -0.060  1.035  1.061  1.014  2.090
  87.00  1.013  0.000  0.045  0.576  0.000 -0.059  1.034  1.056  1.014  2.083
  87.00  1.011  0.000  0.044  0.577  0.000 -0.058  1.031  1.053  1.012  2.077
  88.00 -0.078  0.000 -0.002 -0.192  0.000 -0.024  1.035  2.096  0.078  2.102
  88.00  0.957  0.000  0.044  0.523  0.000 -0.059  1.040  1.178  0.958  2.097
  88.00  1.013  0.000  0.046  0.572  0.000 -0.060  1.036  1.062  1.014  2.090
  88.00  1.013  0.000  0.046  0.575  0.000 -0.060  1.035  1.059  1.014  2.087
  88.00  1.012  0.000  0.045  0.576  0.000 -0.059  1.033  1.055  1.013  2.080
  89.00 -0.089  0.000 -0.002 -0.220  0.000 -0.024  1.036  2.098  0.089  2.106
  89.00  0.954  0.000  0.045  0.519  0.000 -0.060  1.042  1.190  0.955  2.101
  89.00  1.013  0.000  0.048  0.571  0.000 -0.062  1.037  1.065  1.014  2.093
  89.00  1.013  0.000  0.047  0.574  0.000 -0.062  1.036  1.060  1.014  2.089
  89.00  1.012  0.000  0.046  0.575  0.000 -0.061  1.034  1.057  1.013  2.083
  90.00 -0.097  0.000 -0.003 -0.248  0.000 -0.023  1.038  2.100  0.097  2.109
  90.00  0.950  0.000  0.046  0.514  0.000 -0.062  1.045  1.202  0.951  2.106
  90.00  1.013  0.000  0.049  0.570  0.000 -0.064  1.039  1.067  1.014  2.096
  90.00  1.013  0.000  0.048  0.573  0.000 -0.063  1.037  1.062  1.014  2.090
  90.00  1.012  0.000  0.047  0.574  0.000 -0.062  1.035  1.059  1.013  2.086
  91.00 -0.096  0.000 -0.002 -0.277  0.000 -0.023  1.039  2.101  0.096  2.110
  91.00  0.943  0.000  0.046  0.509  0.000 -0.062  1.045  1.215  0.944  2.106
  91.00  1.014  0.000  0.050  0.569  0.000 -0.065  1.040  1.070  1.015  2.100
  91.00  1.013  0.000  0.049  0.572  0.000 -0.064  1.038  1.064  1.014  2.093
  91.00  1.012  0.000  0.048  0.573  0.000 -0.064  1.036  1.061  1.013  2.087
  92.00 -0.099  0.000 -0.002 -0.306  0.000 -0.022  1.040  2.104  0.099  2.114
  92.00  0.938  0.000  0.047  0.504  0.000 -0.064  1.048  1.229  0.939  2.111
  92.00  1.014  0.000  0.051  0.567  0.000 -0.066  1.042  1.073  1.015  2.103
  92.00  1.014  0.000  0.050  0.570  0.000 -0.066  1.040  1.067  1.015  2.097
  92.00  1.012  0.000  0.049  0.572  0.000 -0.065  1.038  1.063  1.013  2.090
  93.00 -0.099  0.000 -0.002 -0.335  0.000 -0.021  1.041  2.105  0.099  2.114
  93.00  0.931  0.000  0.047  0.498  0.000 -0.065  1.049  1.243  0.933  2.112
  93.00  1.014  0.000  0.052  0.566  0.000 -0.068  1.043  1.075  1.015  2.106
  93.00  1.014  0.000  0.051  0.569  0.000 -0.067  1.041  1.069  1.015  2.100
  93.00  1.013  0.000  0.050  0.570  0.000 -0.066  1.039  1.066  1.014  2.094
  94.00 -0.097  0.000 -0.002 -0.363  0.000 -0.020  1.043  2.107  0.097  2.117
  94.00  0.924  0.000  0.047  0.492  0.000 -0.065  1.050  1.257  0.925  2.113
  94.00  1.014  0.000  0.052  0.565  0.000 -0.070  1.045  1.079  1.016  2.111
  94.00  1.014  0.000  0.052  0.568  0.000 -0.069  1.043  1.072  1.015  2.103
  94.00  1.013  0.000  0.051  0.569  0.000 -0.068  1.041  1.068  1.014  2.097
  95.00 -0.094  0.000 -0.001 -0.392  0.000 -0.020  1.045  2.110  0.094  2.119
  95.00  0.916  0.000  0.048  0.485  0.000 -0.067  1.051  1.272  0.917  2.114
  95.00  1.014  0.000  0.053  0.563  0.000 -0.071  1.046  1.081  1.016  2.113
  95.00  1.015  0.000  0.053  0.567  0.000 -0.070  1.045  1.075  1.016  2.108
  95.00  1.013  0.000  0.052  0.568  0.000 -0.069  1.042  1.071  1.015  2.101
  96.00 -0.090  0.000 -0.001 -0.419  0.000 -0.019  1.047  2.113  0.090  2.121
  96.00  0.908  0.000  0.048  0.478  0.000 -0.067  1.053  1.290  0.909  2.116
  96.00  1.014  0.000  0.054  0.562  0.000 -0.071  1.047  1.084  1.016  2.115
  96.00  1.015  0.000  0.053  0.565  0.000 -0.071  1.046  1.078  1.017  2.112
  96.00  1.014  0.000  0.053  0.567  0.000 -0.070  1.044  1.074  1.015  2.105
  97.00 -0.087  0.000 -0.001 -0.446  0.000 -0.019  1.049  2.116  0.087  2.124
  97.00  0.898  0.000  0.048  0.471  0.000 -0.067  1.055  1.310  0.899  2.119
  97.00  1.014  0.000  0.054  0.560  0.000 -0.072  1.048  1.086  1.016  2.118
  97.00  1.015  0.000  0.054  0.564  0.000 -0.072  1.048  1.080  1.017  2.114
  97.00  1.014  0.000  0.053  0.565  0.000 -0.071  1.046  1.077  1.016  2.109
  98.00 -0.087  0.000  0.000 -0.470  0.000 -0.019  1.052  2.122  0.087  2.129
  98.00  0.888  0.000  0.048  0.463  0.000 -0.068  1.058  1.333  0.889  2.124
  98.00  1.014  0.000  0.055  0.558  0.000 -0.073  1.050  1.090  1.016  2.122
  98.00  1.015  0.000  0.055  0.562  0.000 -0.073  1.049  1.083  1.017  2.116
  98.00  1.014  0.000  0.054  0.564  0.000 -0.072  1.047  1.079  1.016  2.111
  99.00 -0.095  0.000 -0.001 -0.489  0.000 -0.019  1.055  2.122  0.095  2.131
  99.00  0.875  0.000  0.047  0.452  0.000 -0.067  1.061  1.358  0.876  2.125
  99.00  1.014  0.000  0.055  0.556  0.000 -0.074  1.052  1.093  1.016  2.125
  99.00  1.015  0.000  0.055  0.561  0.000 -0.073  1.051  1.085  1.017  2.119
  99.00  1.014  0.000  0.055  0.563  0.000 -0.073  1.048  1.081  1.016  2.113
 100.00 -0.101  0.000 -0.001 -0.509  0.000 -0.019  1.059  2.126  0.101  2.136
 100.00  0.863  0.000  0.047  0.443  0.000 -0.069  1.065  1.387  0.864  2.133
 100.00  1.014  0.000  0.056  0.555  0.000 -0.075  1.053  1.096  1.016  2.128
 100.00  1.016  0.000  0.056  0.560  0.000 -0.075  1.053  1.088  1.017  2.123
 100.00  1.015  0.000  0.055  0.562  0.000 -0.074  1.050  1.084  1.016  2.116
 101.00 -0.111  0.000 -0.001 -0.527  0.000 -0.019  1.062  2.127  0.111  2.139
 101.00  0.848  0.000  0.046  0.432  0.000 -0.069  1.068  1.414  0.849  2.135
 101.00  1.014  0.000  0.057  0.553  0.000 -0.076  1.055  1.100  1.016  2.132
 101.00  1.016  0.000  0.057  0.558  0.000 -0.076  1.054  1.091  1.018  2.126
 101.00  1.015  0.000  0.056  0.560  0.000 -0.075  1.052  1.087  1.016  2.120
 102.00 -0.125  0.000 -0.002 -0.544  0.000 -0.018  1.065  2.125  0.125  2.141
 102.00  0.833  0.000  0.045  0.420  0.000 -0.068  1.071  1.444  0.834  2.139
 102.00  1.014  0.000  0.057  0.551  0.000 -0.077  1.057  1.105  1.016  2.137
 102.00  1.016  0.000  0.057  0.556  0.000 -0.076  1.056  1.094  1.018  2.129
 102.00  1.015  0.000  0.056  0.559  0.000 -0.076  1.053  1.090  1.017  2.124
 103.00 -0.142  0.000 -0.002 -0.558  0.000 -0.019  1.068  2.122  0.142  2.142
 103.00  0.816  0.000  0.044  0.407  0.000 -0.067  1.074  1.475  0.817  2.143
 103.00  1.013  0.000  0.057  0.549  0.000 -0.078  1.059  1.109  1.015  2.139
 103.00  1.017  0.000  0.057  0.555  0.000 -0.078  1.058  1.097  1.018  2.134
 103.00  1.015  0.000  0.057  0.557  0.000 -0.077  1.055  1.093  1.017  2.127
 104.00 -0.161  0.000 -0.003 -0.572  0.000 -0.018  1.071  2.115  0.162  2.141
 104.00  0.797  0.000  0.042  0.394  0.000 -0.066  1.076  1.506  0.798  2.143
 104.00  1.013  0.000  0.057  0.548  0.000 -0.078  1.061  1.113  1.014  2.142
 104.00  1.017  0.000  0.058  0.554  0.000 -0.079  1.060  1.101  1.019  2.139
 104.00  1.016  0.000  0.057  0.556  0.000 -0.078  1.057  1.096  1.017  2.131
 105.00 -0.183  0.000 -0.004 -0.587  0.000 -0.018  1.075  2.110  0.183  2.144
 105.00  0.777  0.000  0.040  0.379  0.000 -0.065  1.079  1.538  0.778  2.145
 105.00  1.012  0.000  0.057  0.546  0.000 -0.078  1.063  1.117  1.013  2.143
 105.00  1.017  0.000  0.058  0.552  0.000 -0.079  1.062  1.103  1.019  2.141
 105.00  1.016  0.000  0.058  0.555  0.000 -0.079  1.059  1.099  1.018  2.135
 106.00 -0.206  0.000 -0.006 -0.603  0.000 -0.015  1.078  2.101  0.206  2.143
 106.00  0.754  0.000  0.038  0.362  0.000 -0.063  1.081  1.573  0.755  2.144
 106.00  1.010  0.000  0.057  0.544  0.000 -0.078  1.065  1.120  1.012  2.145
 106.00  1.017  0.000  0.058  0.551  0.000 -0.079  1.063  1.106  1.019  2.143
 106.00  1.016  0.000  0.058  0.553  0.000 -0.080  1.060  1.101  1.018  2.138
 107.00 -0.228  0.000 -0.007 -0.620  0.000 -0.016  1.081  2.092  0.228  2.144
 107.00  0.732  0.000  0.037  0.345  0.000 -0.062  1.084  1.608  0.733  2.145
 107.00  1.009  0.000  0.057  0.541  0.000 -0.078  1.066  1.124  1.011  2.145
 107.00  1.017  0.000  0.058  0.550  0.000 -0.079  1.065  1.109  1.019  2.147
 107.00  1.016  0.000  0.058  0.552  0.000 -0.079  1.062  1.104  1.018  2.140
 108.00 -0.251  0.000 -0.008 -0.637  0.000 -0.013  1.084  2.083  0.251  2.146
 108.00  0.708  0.000  0.035  0.328  0.000 -0.061  1.087  1.645  0.709  2.147
 108.00  1.008  0.000  0.057  0.539  0.000 -0.078  1.068  1.127  1.009  2.146
 108.00  1.017  0.000  0.058  0.548  0.000 -0.079  1.067  1.112  1.018  2.149
 108.00  1.017  0.000  0.058  0.550  0.000 -0.079  1.064  1.107  1.018  2.144
 109.00 -0.273  0.000 -0.009 -0.655  0.000 -0.013  1.087  2.074  0.273  2.149
 109.00  0.682  0.000  0.033  0.309  0.000 -0.058  1.090  1.681  0.683  2.147
 109.00  1.007  0.000  0.057  0.536  0.000 -0.078  1.070  1.133  1.008  2.149
 109.00  1.016  0.000  0.058  0.547  0.000 -0.079  1.068  1.115  1.018  2.151
 109.00  1.017  0.000  0.058  0.549  0.000 -0.079  1.065  1.110  1.018  2.147
 110.00 -0.294  0.000 -0.010 -0.674  0.000 -0.010  1.089  2.065  0.294  2.151
 110.00  0.655  0.000  0.031  0.290  0.000 -0.057  1.092  1.717  0.656  2.147
 110.00  1.006  0.000  0.057  0.533  0.000 -0.078  1.073  1.139  1.007  2.153
 110.00  1.016  0.000  0.058  0.545  0.000 -0.079  1.070  1.118  1.018  2.154
 110.00  1.017  0.000  0.058  0.547  0.000 -0.079  1.067  1.113  1.018  2.150
 111.00 -0.314  0.000 -0.012 -0.692  0.000 -0.005  1.090  2.051  0.314  2.150
 111.00  0.627  0.000  0.029  0.269  0.000 -0.055  1.094  1.752  0.628  2.146
 111.00  1.004  0.000  0.057  0.529  0.000 -0.078  1.075  1.145  1.006  2.156
 111.00  1.016  0.000  0.058  0.543  0.000 -0.080  1.072  1.122  1.018  2.158
 111.00  1.017  0.000  0.058  0.546  0.000 -0.079  1.069  1.116  1.018  2.153
 112.00 -0.333  0.000 -0.013 -0.712  0.000 -0.002  1.092  2.043  0.333  2.154
 112.00  0.598  0.000  0.026  0.246  0.000 -0.054  1.097  1.790  0.599  2.149
 112.00  1.002  0.000  0.056  0.526  0.000 -0.077  1.079  1.152  1.004  2.160
 112.00  1.016  0.000  0.058  0.541  0.000 -0.080  1.074  1.126  1.017  2.161
 112.00  1.017  0.000  0.057  0.544  0.000 -0.080  1.071  1.119  1.018  2.157
 113.00 -0.351  0.000 -0.016 -0.732  0.000 -0.001  1.094  2.035  0.351  2.158
 113.00  0.569  0.000  0.024  0.222  0.000 -0.050  1.099  1.826  0.569  2.150
 113.00  1.001  0.000  0.056  0.521  0.000 -0.077  1.082  1.161  1.002  2.165
 113.00  1.015  0.000  0.058  0.538  0.000 -0.079  1.076  1.129  1.017  2.163
 113.00  1.017  0.000  0.057  0.542  0.000 -0.080  1.073  1.123  1.018  2.160
 114.00 -0.369  0.000 -0.018 -0.752  0.000  0.005  1.096  2.027  0.370  2.164
 114.00  0.538  0.000  0.021  0.196  0.000 -0.047  1.102  1.864  0.538  2.154
 114.00  0.998  0.000  0.057  0.516  0.000 -0.077  1.086  1.169  1.000  2.169
 114.00  1.015  0.000  0.058  0.536  0.000 -0.079  1.079  1.133  1.017  2.167
 114.00  1.017  0.000  0.057  0.541  0.000 -0.079  1.075  1.126  1.018  2.162
 115.00 -0.389  0.000 -0.022 -0.770  0.000  0.010  1.099  2.024  0.389  2.176
 115.00  0.507  0.000  0.019  0.166  0.000 -0.046  1.108  1.910  0.507  2.167
 115.00  0.996  0.000  0.058  0.511  0.000 -0.078  1.090  1.178  0.998  2.175
 115.00  1.015  0.000  0.058  0.533  0.000 -0.079  1.082  1.137  1.017  2.171
 115.00  1.016  0.000  0.057  0.539  0.000 -0.079  1.077  1.129  1.018  2.166
 116.00 -0.415  0.000 -0.034 -0.783  0.000  0.016  1.104  2.019  0.416  2.192
 116.00  0.472  0.000  0.016  0.130  0.000 -0.043  1.114  1.954  0.472  2.177
 116.00  0.995  0.000  0.059  0.505  0.000 -0.079  1.095  1.190  0.996  2.183
 116.00  1.015  0.000  0.058  0.529  0.000 -0.080  1.085  1.143  1.017  2.177
 116.00  1.017  0.000  0.056  0.537  0.000 -0.079  1.079  1.133  1.018  2.170
 117.00 -0.436  0.000 -0.040 -0.804  0.000  0.019  1.103  2.005  0.437  2.196
 117.00  0.438  0.000  0.013  0.098  0.000 -0.039  1.119  1.997  0.438  2.189
 117.00  0.992  0.000  0.060  0.498  0.000 -0.081  1.100  1.202  0.994  2.190
 117.00  1.015  0.000  0.060  0.526  0.000 -0.081  1.089  1.149  1.017  2.184
 117.00  1.017  0.000  0.056  0.534  0.000 -0.079  1.082  1.137  1.018  2.174
 118.00 -0.459  0.000 -0.046 -0.822  0.000  0.025  1.103  1.990  0.461  2.203
 118.00  0.403  0.000  0.010  0.064  0.000 -0.037  1.127  2.048  0.404  2.210
 118.00  0.991  0.000  0.061  0.492  0.000 -0.081  1.106  1.216  0.992  2.201
 118.00  1.015  0.000  0.060  0.523  0.000 -0.080  1.093  1.155  1.017  2.189
 118.00  1.017  0.000  0.057  0.532  0.000 -0.079  1.084  1.141  1.018  2.178
 119.00 -0.483  0.000 -0.053 -0.837  0.000  0.032  1.108  1.982  0.486  2.218
 119.00  0.368  0.000  0.006  0.028  0.000 -0.034  1.133  2.091  0.368  2.226
 119.00  0.990  0.000  0.060  0.485  0.000 -0.081  1.113  1.233  0.992  2.216
 119.00  1.014  0.000  0.059  0.520  0.000 -0.080  1.096  1.160  1.016  2.192
 119.00  1.017  0.000  0.057  0.529  0.000 -0.079  1.087  1.146  1.018  2.183
 120.00 -0.504  0.000 -0.061 -0.852  0.000  0.040  1.111  1.969  0.508  2.227
 120.00  0.334  0.000  0.003 -0.009  0.000 -0.028  1.139  2.132  0.334  2.243
 120.00  0.987  0.000  0.060  0.477  0.000 -0.081  1.118  1.247  0.989  2.225
 120.00  1.015  0.000  0.059  0.518  0.000 -0.083  1.101  1.168  1.017  2.202
 120.00  1.017  0.000  0.056  0.527  0.000 -0.080  1.089  1.149  1.018  2.186
 121.00 -0.527  0.000 -0.069 -0.866  0.000  0.047  1.115  1.963  0.531  2.246
 121.00  0.301  0.000 -0.002 -0.046  0.000 -0.024  1.145  2.164  0.301  2.255
 121.00  0.983  0.000  0.059  0.469  0.000 -0.084  1.123  1.263  0.985  2.234
 121.00  1.017  0.000  0.057  0.515  0.000 -0.081  1.107  1.178  1.018  2.215
 121.00  1.016  0.000  0.055  0.526  0.000 -0.080  1.091  1.153  1.018  2.189
 122.00 -0.550  0.000 -0.078 -0.877  0.000  0.055  1.116  1.948  0.555  2.256
 122.00  0.268  0.000 -0.006 -0.081  0.000 -0.021  1.146  2.182  0.268  2.254
 122.00  0.979  0.000  0.059  0.461  0.000 -0.084  1.128  1.279  0.980  2.240
 122.00  1.016  0.000  0.057  0.513  0.000 -0.081  1.110  1.183  1.018  2.218
 122.00  1.019  0.000  0.053  0.524  0.000 -0.079  1.096  1.161  1.020  2.201
 123.00 -0.572  0.000 -0.091 -0.879  0.000  0.060  1.121  1.916  0.580  2.252
 123.00  0.238  0.000 -0.012 -0.115  0.000 -0.016  1.151  2.197  0.238  2.254
 123.00  0.976  0.000  0.057  0.453  0.000 -0.080  1.136  1.301  0.978  2.257
 123.00  1.018  0.000  0.056  0.510  0.000 -0.083  1.115  1.192  1.019  2.232
 123.00  1.018  0.000  0.052  0.522  0.000 -0.078  1.098  1.163  1.020  2.203
 124.00 -0.595  0.000 -0.101 -0.888  0.000  0.066  1.121  1.890  0.603  2.254
 124.00  0.209  0.000 -0.018 -0.147  0.000 -0.011  1.159  2.222  0.210  2.266
 124.00  0.968  0.000  0.055  0.446  0.000 -0.082  1.138  1.312  0.970  2.253
 124.00  1.018  0.000  0.055  0.507  0.000 -0.079  1.118  1.198  1.020  2.238
 124.00  1.019  0.000  0.050  0.521  0.000 -0.078  1.101  1.168  1.020  2.208
 125.00 -0.616  0.000 -0.111 -0.894  0.000  0.073  1.127  1.872  0.626  2.263
 125.00  0.180  0.000 -0.024 -0.178  0.000 -0.003  1.164  2.235  0.182  2.268
 125.00  0.964  0.000  0.052  0.438  0.000 -0.078  1.143  1.332  0.965  2.263
 125.00  1.020  0.000  0.052  0.504  0.000 -0.083  1.121  1.204  1.021  2.247
 125.00  1.021  0.000  0.048  0.519  0.000 -0.075  1.104  1.174  1.022  2.218
 126.00 -0.632  0.000 -0.121 -0.901  0.000  0.082  1.136  1.863  0.644  2.277
 126.00  0.151  0.000 -0.031 -0.210  0.000  0.000  1.171  2.246  0.154  2.270
 126.00  0.958  0.000  0.049  0.430  0.000 -0.073  1.148  1.350  0.959  2.270
 126.00  1.020  0.000  0.050  0.502  0.000 -0.080  1.123  1.208  1.021  2.251
 126.00  1.024  0.000  0.046  0.518  0.000 -0.074  1.109  1.182  1.025  2.233
 127.00 -0.641  0.000 -0.132 -0.912  0.000  0.087  1.137  1.849  0.654  2.277
 127.00  0.122  0.000 -0.039 -0.241  0.000  0.009  1.181  2.263  0.128  2.280
 127.00  0.954  0.000  0.046  0.421  0.000 -0.070  1.155  1.372  0.955  2.284
 127.00  1.019  0.000  0.046  0.501  0.000 -0.069  1.120  1.206  1.020  2.246
 127.00  1.025  0.000  0.042  0.516  0.000 -0.074  1.110  1.183  1.025  2.235
 128.00 -0.654  0.000 -0.143 -0.917  0.000  0.093  1.139  1.834  0.669  2.282
 128.00  0.092  0.000 -0.047 -0.271  0.000  0.018  1.195  2.286  0.104  2.297
 128.00  0.948  0.000  0.042  0.411  0.000 -0.068  1.160  1.393  0.949  2.295
 128.00  1.020  0.000  0.042  0.500  0.000 -0.068  1.122  1.209  1.021  2.251
 128.00  1.023  0.000  0.038  0.515  0.000 -0.066  1.108  1.180  1.024  2.229
 129.00 -0.658  0.000 -0.154 -0.908  0.000  0.099  1.155  1.827  0.675  2.283
 129.00  0.062  0.000 -0.059 -0.302  0.000  0.028  1.206  2.283  0.085  2.290
 129.00  0.943  0.000  0.039  0.403  0.000 -0.064  1.164  1.415  0.944  2.305
 129.00  1.019  0.000  0.037  0.500  0.000 -0.067  1.121  1.209  1.020  2.250
 129.00  1.025  0.000  0.033  0.515  0.000 -0.060  1.109  1.181  1.025  2.232
 130.00 -0.653  0.000 -0.163 -0.902  0.000  0.102  1.176  1.826  0.673  2.280
 130.00  0.031  0.000 -0.071 -0.332  0.000  0.038  1.221  2.289  0.077  2.295
 130.00  0.934  0.000  0.034  0.394  0.000 -0.060  1.165  1.428  0.935  2.302
 130.00  1.020  0.000  0.032  0.500  0.000 -0.058  1.119  1.209  1.020  2.250
 130.00  1.026  0.000  0.027  0.516  0.000 -0.057  1.109  1.183  1.027  2.237
 131.00 -0.653  0.000 -0.174 -0.899  0.000  0.106  1.191  1.820  0.675  2.276
 131.00  0.000  0.000 -0.082 -0.360  0.000  0.046  1.232  2.284  0.082  2.290
 131.00  0.922  0.000  0.029  0.385  0.000 -0.064  1.165  1.438  0.923  2.290
 131.00  1.025  0.000  0.025  0.499  0.000 -0.057  1.124  1.219  1.025  2.269
 131.00  1.026  0.000  0.021  0.517  0.000 -0.051  1.107  1.180  1.026  2.232
 132.00 -0.657  0.000 -0.183 -0.888  0.000  0.108  1.200  1.809  0.682  2.274
 132.00 -0.031  0.000 -0.095 -0.390  0.000  0.046  1.245  2.278  0.100  2.288
 132.00  0.912  0.000  0.023  0.376  0.000 -0.054  1.168  1.455  0.912  2.287
 132.00  1.024  0.000  0.019  0.499  0.000 -0.054  1.122  1.217  1.024  2.267
 132.00  1.027  0.000  0.015  0.518  0.000 -0.046  1.107  1.180  1.027  2.235
 133.00 -0.661  0.000 -0.192 -0.875  0.000  0.110  1.213  1.798  0.689  2.273
 133.00 -0.061  0.000 -0.108 -0.423  0.000  0.056  1.252  2.253  0.124  2.268
 133.00  0.902  0.000  0.016  0.369  0.000 -0.044  1.175  1.479  0.902  2.293
 133.00  1.024  0.000  0.012  0.500  0.000 -0.044  1.121  1.216  1.024  2.265
 133.00  1.029  0.000  0.008  0.519  0.000 -0.044  1.106  1.181  1.029  2.240
 134.00 -0.662  0.000 -0.198 -0.867  0.000  0.107  1.212  1.764  0.691  2.242
 134.00 -0.089  0.000 -0.123 -0.456  0.000  0.067  1.274  2.275  0.152  2.298
 134.00  0.889  0.000  0.009  0.361  0.000 -0.041  1.178  1.492  0.889  2.283
 134.00  1.024  0.000  0.004  0.503  0.000 -0.035  1.119  1.213  1.024  2.262
 134.00  1.030  0.000  0.002  0.522  0.000 -0.034  1.103  1.178  1.030  2.239
 135.00 -0.668  0.000 -0.204 -0.855  0.000  0.112  1.225  1.756  0.699  2.245
 135.00 -0.115  0.000 -0.138 -0.490  0.000  0.080  1.288  2.279  0.180  2.311
 135.00  0.872  0.000  0.001  0.353  0.000 -0.034  1.179  1.500  0.872  2.261
 135.00  1.022  0.000 -0.004  0.505  0.000 -0.026  1.114  1.205  1.022  2.250
 135.00  1.030  0.000 -0.006  0.525  0.000 -0.023  1.100  1.174  1.030  2.236
 136.00 -0.675  0.000 -0.209 -0.843  0.000  0.114  1.237  1.753  0.707  2.253
 136.00 -0.144  0.000 -0.154 -0.524  0.000  0.084  1.297  2.281  0.211  2.326
 136.00  0.858  0.000 -0.006  0.339  0.000 -0.025  1.188  1.527  0.858  2.263
 136.00  1.024  0.000 -0.014  0.509  0.000 -0.019  1.111  1.202  1.024  2.250
 136.00  1.030  0.000 -0.016  0.527  0.000 -0.015  1.096  1.168  1.030  2.228
 137.00 -0.675  0.000 -0.215 -0.834  0.000  0.116  1.245  1.746  0.708  2.247
 137.00 -0.177  0.000 -0.170 -0.552  0.000  0.091  1.314  2.286  0.245  2.347
 137.00  0.837  0.000 -0.016  0.321  0.000 -0.019  1.197  1.552  0.837  2.252
 137.00  1.024  0.000 -0.023  0.512  0.000 -0.009  1.107  1.194  1.024  2.242
 137.00  1.029  0.000 -0.025  0.531  0.000 -0.007  1.090  1.159  1.029  2.218
 138.00 -0.667  0.000 -0.222 -0.833  0.000  0.113  1.256  1.749  0.703  2.242
 138.00 -0.213  0.000 -0.186 -0.573  0.000  0.098  1.329  2.276  0.283  2.356
 138.00  0.809  0.000 -0.026  0.295  0.000 -0.008  1.212  1.586  0.809  2.241
 138.00  1.023  0.000 -0.032  0.515  0.000 -0.001  1.100  1.184  1.024  2.233
 138.00  1.028  0.000 -0.035  0.534  0.000  0.001  1.084  1.150  1.028  2.207
 139.00 -0.658  0.000 -0.227 -0.828  0.000  0.114  1.267  1.753  0.696  2.237
 139.00 -0.252  0.000 -0.200 -0.589  0.000  0.104  1.335  2.235  0.322  2.339
 139.00  0.775  0.000 -0.037  0.261  0.000 -0.002  1.235  1.632  0.775  2.234
 139.00  1.025  0.000 -0.042  0.518  0.000  0.008  1.097  1.178  1.026  2.231
 139.00  1.027  0.000 -0.044  0.538  0.000  0.012  1.078  1.140  1.028  2.196
 140.00 -0.655  0.000 -0.231 -0.815  0.000  0.112  1.272  1.743  0.695  2.225
 140.00 -0.289  0.000 -0.212 -0.602  0.000  0.112  1.341  2.192  0.359  2.320
 140.00  0.730  0.000 -0.050  0.220  0.000  0.011  1.261  1.680  0.732  2.216
 140.00  1.024  0.000 -0.052  0.521  0.000  0.019  1.091  1.166  1.025  2.217
 140.00  1.028  0.000 -0.053  0.542  0.000  0.022  1.075  1.134  1.029  2.193
 141.00 -0.657  0.000 -0.232 -0.799  0.000  0.111  1.282  1.724  0.697  2.210
 141.00 -0.319  0.000 -0.222 -0.615  0.000  0.122  1.339  2.129  0.389  2.281
 141.00  0.680  0.000 -0.063  0.173  0.000  0.026  1.296  1.745  0.682  2.210
 141.00  1.025  0.000 -0.062  0.525  0.000  0.029  1.087  1.158  1.027  2.212
 141.00  1.027  0.000 -0.063  0.546  0.000  0.031  1.070  1.126  1.029  2.185
 142.00 -0.644  0.000 -0.229 -0.797  0.000  0.112  1.297  1.735  0.684  2.202
 142.00 -0.337  0.000 -0.227 -0.625  0.000  0.131  1.342  2.084  0.406  2.249
 142.00  0.621  0.000 -0.078  0.118  0.000  0.035  1.333  1.814  0.626  2.206
 142.00  1.026  0.000 -0.072  0.530  0.000  0.039  1.082  1.149  1.028  2.206
 142.00  1.026  0.000 -0.073  0.550  0.000  0.043  1.065  1.118  1.029  2.176
 143.00 -0.622  0.000 -0.213 -0.797  0.000  0.116  1.308  1.752  0.658  2.185
 143.00 -0.332  0.000 -0.227 -0.616  0.000  0.128  1.355  2.065  0.403  2.228
 143.00  0.556  0.000 -0.098  0.049  0.000  0.059  1.336  1.883  0.564  2.201
 143.00  1.024  0.000 -0.083  0.535  0.000  0.050  1.076  1.136  1.028  2.193
 143.00  1.028  0.000 -0.083  0.554  0.000  0.052  1.063  1.114  1.031  2.177
 144.00 -0.612  0.000 -0.210 -0.790  0.000  0.110  1.317  1.748  0.647  2.167
 144.00 -0.334  0.000 -0.232 -0.617  0.000  0.137  1.365  2.046  0.407  2.212
 144.00  0.494  0.000 -0.117 -0.024  0.000  0.072  1.348  1.954  0.507  2.212
 144.00  1.025  0.000 -0.095  0.540  0.000  0.061  1.072  1.128  1.029  2.188
 144.00  1.027  0.000 -0.093  0.557  0.000  0.061  1.059  1.107  1.031  2.171
 145.00 -0.605  0.000 -0.210 -0.779  0.000  0.115  1.330  1.750  0.641  2.161
 145.00 -0.331  0.000 -0.239 -0.626  0.000  0.142  1.373  2.024  0.408  2.190
 145.00  0.434  0.000 -0.138 -0.110  0.000  0.069  1.360  2.065  0.455  2.272
 145.00  1.023  0.000 -0.106  0.545  0.000  0.077  1.065  1.115  1.028  2.172
 145.00  1.026  0.000 -0.103  0.561  0.000  0.072  1.054  1.099  1.031  2.162
 146.00 -0.602  0.000 -0.209 -0.769  0.000  0.117  1.351  1.768  0.637  2.174
 146.00 -0.329  0.000 -0.246 -0.629  0.000  0.132  1.381  1.999  0.411  2.168
 146.00  0.363  0.000 -0.160 -0.207  0.000  0.067  1.364  2.157  0.396  2.314
 146.00  1.022  0.000 -0.117  0.548  0.000  0.086  1.061  1.105  1.029  2.164
 146.00  1.025  0.000 -0.113  0.566  0.000  0.081  1.049  1.090  1.031  2.153
 147.00 -0.591  0.000 -0.209 -0.762  0.000  0.108  1.354  1.749  0.627  2.142
 147.00 -0.332  0.000 -0.252 -0.625  0.000  0.135  1.387  1.983  0.417  2.156
 147.00  0.284  0.000 -0.182 -0.303  0.000  0.070  1.370  2.225  0.337  2.339
 147.00  1.028  0.000 -0.127  0.548  0.000  0.091  1.065  1.107  1.036  2.181
 147.00  1.022  0.000 -0.124  0.569  0.000  0.091  1.043  1.079  1.030  2.140
 148.00 -0.579  0.000 -0.209 -0.760  0.000  0.106  1.362  1.748  0.616  2.127
 148.00 -0.340  0.000 -0.256 -0.621  0.000  0.132  1.389  1.972  0.426  2.153
 148.00  0.201  0.000 -0.201 -0.388  0.000  0.073  1.386  2.263  0.284  2.344
 148.00  1.032  0.000 -0.137  0.548  0.000  0.098  1.063  1.107  1.041  2.190
 148.00  1.022  0.000 -0.134  0.571  0.000  0.101  1.039  1.073  1.031  2.136
 149.00 -0.563  0.000 -0.209 -0.762  0.000  0.105  1.377  1.758  0.601  2.119
 149.00 -0.349  0.000 -0.258 -0.617  0.000  0.128  1.389  1.951  0.434  2.139
 149.00  0.113  0.000 -0.215 -0.451  0.000  0.085  1.398  2.265  0.243  2.324
 149.00  1.032  0.000 -0.147  0.551  0.000  0.106  1.058  1.103  1.042  2.190
 149.00  1.024  0.000 -0.143  0.571  0.000  0.108  1.037  1.069  1.034  2.138
 150.00 -0.546  0.000 -0.208 -0.768  0.000  0.102  1.390  1.772  0.584  2.114
 150.00 -0.351  0.000 -0.259 -0.618  0.000  0.125  1.390  1.926  0.436  2.116
 150.00  0.018  0.000 -0.225 -0.484  0.000  0.099  1.407  2.231  0.225  2.282
 150.00  1.034  0.000 -0.157  0.554  0.000  0.117  1.054  1.101  1.046  2.195
 150.00  1.024  0.000 -0.151  0.572  0.000  0.113  1.034  1.063  1.035  2.135