 satellite set: 3   startzeit:    0.00   scherwinkel:   0.262

 sat  !    x    !    y    !    z    !    vx   !    vy   !    vz   
   1      3.50     -8.00     26.00      0.00      0.00      0.00
   2      3.50     -8.00     28.00      0.00      0.00      0.00
   3      3.50     -8.00     30.00      0.00      0.00      0.00
   4      3.50     -8.00     32.00      0.00      0.00      0.00
   5      3.50     -8.00     34.00      0.00      0.00      0.00
   1      vl / vm / vn   :      0.000    0.000    0.000
   2      vl / vm / vn   :      0.000    0.000    0.000
   3      vl / vm / vn   :      0.000    0.000    0.000
   4      vl / vm / vn   :      0.000    0.000    0.000
   5      vl / vm / vn   :      0.000    0.000    0.000

 zeit   bl     bm     bn     vl     vm     vn     rhosat psat   bsat   ptot
   0.00 -0.862 -0.507  0.000  0.000  0.000  0.000  1.000  1.000  1.000  2.000
   0.00 -0.862 -0.507  0.000  0.000  0.000  0.000  1.000  1.000  1.000  2.000
   0.00 -0.862 -0.507  0.000  0.000  0.000  0.000  1.000  1.000  1.000  2.000
   0.00 -0.862 -0.507  0.000  0.000  0.000  0.000  1.000  1.000  1.000  2.000
   0.00 -0.862 -0.507  0.000  0.000  0.000  0.000  1.000  1.000  1.000  2.000
   1.00 -0.862 -0.507  0.000  0.000  0.000  0.000  1.000  1.000  1.000  2.000
   1.00 -0.862 -0.507  0.000  0.000  0.000  0.000  1.000  1.000  1.000  2.000
   1.00 -0.862 -0.507  0.000  0.000  0.000  0.000  1.000  1.000  1.000  2.000
   1.00 -0.862 -0.507  0.000  0.000  0.000  0.000  1.000  1.000  1.000  2.000
   1.00 -0.862 -0.507  0.000  0.000  0.000  0.000  1.000  1.000  1.000  2.000
   2.00 -0.862 -0.507  0.000  0.000  0.000  0.000  1.000  1.000  1.000  2.000
   2.00 -0.862 -0.507  0.000  0.000  0.000  0.000  1.000  1.000  1.000  2.000
   2.00 -0.862 -0.507  0.000  0.000  0.000  0.000  1.000  1.000  1.000  2.000
   2.00 -0.862 -0.507  0.000  0.000  0.000  0.000  1.000  1.000  1.000  2.000
   2.00 -0.862 -0.507  0.000  0.000  0.000  0.000  1.000  1.000  1.000  2.000
   3.00 -0.862 -0.507  0.000  0.000  0.000  0.000  1.000  1.000  1.000  2.000
   3.00 -0.862 -0.507  0.000  0.000  0.000  0.000  1.000  1.000  1.000  2.000
   3.00 -0.862 -0.507  0.000  0.000  0.000  0.000  1.000  1.000  1.000  2.000
   3.00 -0.862 -0.507  0.000  0.000  0.000  0.000  1.000  1.000  1.000  2.000
   3.00 -0.862 -0.507  0.000  0.000  0.000  0.000  1.000  1.000  1.000  2.000
   4.00 -0.862 -0.507  0.000  0.000  0.000  0.000  1.000  1.000  1.000  2.000
   4.00 -0.862 -0.507  0.000  0.000  0.000  0.000  1.000  1.000  1.000  2.000
   4.00 -0.862 -0.507  0.000  0.000  0.000  0.000  1.000  1.000  1.000  2.000
   4.00 -0.862 -0.507  0.000  0.000  0.000  0.000  1.000  1.000  1.000  2.000
   4.00 -0.862 -0.507  0.000  0.000  0.000  0.000  1.000  1.000  1.000  2.000
   5.00 -0.862 -0.507  0.000  0.000  0.000  0.000  1.000  1.000  1.000  2.000
   5.00 -0.862 -0.507  0.000  0.000  0.000  0.000  1.000  1.000  1.000  2.000
   5.00 -0.862 -0.507  0.000  0.000  0.000  0.000  1.000  1.000  1.000  2.000
   5.00 -0.862 -0.507  0.000  0.000  0.000  0.000  1.000  1.000  1.000  2.000
   5.00 -0.862 -0.507  0.000  0.000  0.000  0.000  1.000  1.000  1.000  2.000
   6.00 -0.862 -0.507  0.000  0.000  0.000  0.000  1.000  1.000  1.000  2.000
   6.00 -0.862 -0.507  0.000  0.000  0.000  0.000  1.000  1.000  1.000  2.000
   6.00 -0.862 -0.507  0.000  0.000  0.000  0.000  1.000  1.000  1.000  2.000
   6.00 -0.862 -0.507  0.000  0.000  0.000  0.000  1.000  1.000  1.000  2.000
   6.00 -0.862 -0.507  0.000  0.000  0.000  0.000  1.000  1.000  1.000  2.000
   7.00 -0.862 -0.507  0.000  0.000  0.000  0.000  1.000  1.000  1.000  2.000
   7.00 -0.862 -0.507  0.000  0.000  0.000  0.000  1.000  1.000  1.000  2.000
   7.00 -0.862 -0.507  0.000  0.000  0.000  0.000  1.000  1.000  1.000  2.000
   7.00 -0.862 -0.507  0.000  0.000  0.000  0.000  1.000  1.000  1.000  2.000
   7.00 -0.862 -0.507  0.000  0.000  0.000  0.000  1.000  1.000  1.000  2.000
   8.00 -0.862 -0.507  0.000  0.000  0.000  0.000  1.000  1.000  1.000  2.000
   8.00 -0.862 -0.507  0.000  0.000  0.000  0.000  1.000  1.000  1.000  2.000
   8.00 -0.862 -0.507  0.000  0.000  0.000  0.000  1.000  1.000  1.000  2.000
   8.00 -0.862 -0.507  0.000  0.000  0.000  0.000  1.000  1.000  1.000  2.000
   8.00 -0.862 -0.507  0.000  0.000  0.000  0.000  1.000  1.000  1.000  2.000
   9.00 -0.861 -0.507  0.000  0.000  0.000  0.000  1.000  1.000  1.000  2.000
   9.00 -0.861 -0.507  0.000  0.000  0.000  0.000  1.000  1.000  1.000  2.000
   9.00 -0.861 -0.507  0.000  0.000  0.000  0.000  1.000  1.000  1.000  2.000
   9.00 -0.861 -0.507  0.000  0.000  0.000  0.000  1.000  1.000  1.000  2.000
   9.00 -0.861 -0.507  0.000  0.000  0.000  0.000  1.000  1.000  1.000  2.000
  10.00 -0.861 -0.508  0.000  0.000  0.000  0.000  1.000  1.000  1.000  1.999
  10.00 -0.861 -0.508  0.000  0.000  0.000  0.000  1.000  1.000  1.000  1.999
  10.00 -0.861 -0.508  0.000  0.000  0.000  0.000  1.000  1.000  1.000  1.999
  10.00 -0.861 -0.508  0.000  0.000  0.000  0.000  1.000  1.000  1.000  1.999
  10.00 -0.861 -0.508  0.000  0.000  0.000  0.000  1.000  1.000  1.000  1.999
  11.00 -0.861 -0.508  0.000  0.000  0.000  0.000  1.000  1.000  1.000  1.999
  11.00 -0.861 -0.508  0.000  0.000  0.000  0.000  1.000  1.000  1.000  1.999
  11.00 -0.861 -0.508  0.000  0.000  0.000  0.000  1.000  1.000  1.000  1.999
  11.00 -0.861 -0.508  0.000  0.000  0.000  0.000  1.000  1.000  1.000  1.999
  11.00 -0.861 -0.508  0.000  0.000  0.000  0.000  1.000  1.000  1.000  1.999
  12.00 -0.861 -0.508  0.000  0.000  0.000  0.000  1.000  1.000  1.000  1.999
  12.00 -0.861 -0.508  0.000  0.000  0.000  0.000  1.000  1.000  1.000  1.999
  12.00 -0.861 -0.508  0.000  0.000  0.000  0.000  1.000  1.000  1.000  1.999
  12.00 -0.861 -0.508  0.000  0.000  0.000  0.000  1.000  1.000  1.000  1.999
  12.00 -0.861 -0.508  0.000  0.000  0.000  0.000  1.000  1.000  1.000  1.999
  13.00 -0.861 -0.508  0.000  0.000  0.000  0.000  1.000  1.000  1.000  1.999
  13.00 -0.861 -0.508  0.000  0.000  0.000  0.000  1.000  1.000  1.000  1.999
  13.00 -0.861 -0.508  0.000  0.000  0.000  0.000  1.000  1.000  1.000  1.999
  13.00 -0.861 -0.508  0.000  0.000  0.000  0.000  1.000  1.000  1.000  1.999
  13.00 -0.861 -0.508  0.000  0.000  0.000  0.000  1.000  1.000  1.000  1.999
  14.00 -0.861 -0.508  0.000  0.000  0.000  0.000  1.000  1.000  1.000  1.999
  14.00 -0.861 -0.508  0.000  0.000  0.000  0.000  1.000  1.000  1.000  1.999
  14.00 -0.861 -0.508  0.000  0.000  0.000  0.000  1.000  1.000  1.000  1.999
  14.00 -0.861 -0.508  0.000  0.000  0.000  0.000  1.000  1.000  1.000  1.999
  14.00 -0.861 -0.508  0.000  0.000  0.000  0.000  1.000  1.000  1.000  1.999
  15.00 -0.861 -0.508  0.000  0.000  0.000  0.000  1.000  1.000  1.000  1.999
  15.00 -0.861 -0.508  0.000  0.000  0.000  0.000  1.000  1.000  1.000  1.999
  15.00 -0.861 -0.508  0.000  0.000  0.000  0.000  1.000  1.000  1.000  1.999
  15.00 -0.861 -0.508  0.000  0.000  0.000  0.000  1.000  1.000  1.000  1.999
  15.00 -0.861 -0.508  0.000  0.000  0.000  0.000  1.000  1.000  1.000  1.999
  16.00 -0.861 -0.508  0.000  0.000  0.000  0.000  1.000  1.000  1.000  1.999
  16.00 -0.861 -0.508  0.000  0.000  0.000  0.000  1.000  1.000  1.000  1.999
  16.00 -0.861 -0.508  0.000  0.000  0.000  0.000  1.000  1.000  1.000  1.999
  16.00 -0.861 -0.508  0.000  0.000  0.000  0.000  1.000  1.000  1.000  1.999
  16.00 -0.861 -0.508  0.000  0.000  0.000  0.000  1.000  1.000  1.000  1.999
  17.00 -0.861 -0.508  0.000  0.000  0.000  0.000  1.000  1.000  1.000  1.999
  17.00 -0.861 -0.508  0.000  0.000  0.000  0.000  1.000  1.000  1.000  1.999
  17.00 -0.861 -0.508  0.000  0.000  0.000  0.000  1.000  1.000  1.000  1.999
  17.00 -0.861 -0.508  0.000  0.000  0.000  0.000  1.000  1.000  1.000  1.999
  17.00 -0.861 -0.508  0.000  0.000  0.000  0.000  1.000  1.000  1.000  1.999
  18.00 -0.861 -0.508  0.000  0.000  0.000  0.000  1.000  1.000  1.000  1.999
  18.00 -0.861 -0.508  0.000  0.000  0.000  0.000  1.000  1.000  1.000  1.999
  18.00 -0.861 -0.508  0.000  0.000  0.000  0.000  1.000  1.000  1.000  1.999
  18.00 -0.861 -0.508  0.000  0.000  0.000  0.000  1.000  1.000  1.000  1.999
  18.00 -0.861 -0.508  0.000  0.000  0.000  0.000  1.000  1.000  1.000  1.999
  19.00 -0.861 -0.508  0.000  0.000  0.000  0.000  1.000  1.000  1.000  1.999
  19.00 -0.861 -0.508  0.000  0.000  0.000  0.000  1.000  1.000  1.000  1.999
  19.00 -0.861 -0.508  0.000  0.000  0.000  0.000  1.000  1.000  1.000  1.999
  19.00 -0.861 -0.508  0.000  0.000  0.000  0.000  1.000  1.000  1.000  1.999
  19.00 -0.861 -0.508  0.000  0.000  0.000  0.000  1.000  1.000  1.000  1.999
  20.00 -0.861 -0.508  0.000  0.000  0.000  0.000  1.000  1.000  1.000  1.999
  20.00 -0.861 -0.508  0.000  0.000  0.000  0.000  1.000  1.000  1.000  1.999
  20.00 -0.861 -0.508  0.000  0.000  0.000  0.000  1.000  1.000  1.000  1.999
  20.00 -0.861 -0.508  0.000  0.000  0.000  0.000  1.000  1.000  1.000  1.999
  20.00 -0.861 -0.508  0.000  0.000  0.000  0.000  1.000  1.000  1.000  1.999
  21.00 -0.861 -0.508  0.000  0.000  0.000  0.000  1.000  1.000  1.000  1.999
  21.00 -0.861 -0.508  0.000  0.000  0.000  0.000  1.000  1.000  1.000  1.999
  21.00 -0.861 -0.508  0.000  0.000  0.000  0.000  1.000  1.000  1.000  1.999
  21.00 -0.861 -0.508  0.000  0.000  0.000  0.000  1.000  1.000  1.000  1.999
  21.00 -0.861 -0.508  0.000  0.000  0.000  0.000  1.000  1.000  1.000  1.999
  22.00 -0.861 -0.508  0.000  0.000  0.000  0.000  1.000  1.000  1.000  1.999
  22.00 -0.861 -0.508  0.000  0.000  0.000  0.000  1.000  1.000  1.000  1.999
  22.00 -0.861 -0.508  0.000  0.000  0.000  0.000  1.000  1.000  1.000  1.999
  22.00 -0.861 -0.508  0.000  0.000  0.000  0.000  1.000  1.000  1.000  1.999
  22.00 -0.861 -0.508  0.000  0.000  0.000  0.000  1.000  1.000  1.000  1.999
  23.00 -0.861 -0.508  0.000  0.000  0.000  0.000  1.000  1.000  1.000  1.999
  23.00 -0.861 -0.508  0.000  0.000  0.000  0.000  1.000  1.000  1.000  1.999
  23.00 -0.861 -0.508  0.000  0.000  0.000  0.000  1.000  1.000  1.000  1.999
  23.00 -0.861 -0.508  0.000  0.000  0.000  0.000  1.000  1.000  1.000  1.999
  23.00 -0.861 -0.508  0.000  0.000  0.000  0.000  1.000  1.000  1.000  1.999
  24.00 -0.861 -0.508  0.000  0.000  0.000  0.000  1.000  1.000  1.000  1.999
  24.00 -0.861 -0.508  0.000  0.000  0.000  0.000  1.000  1.000  1.000  1.999
  24.00 -0.861 -0.508  0.000  0.000  0.000  0.000  1.000  1.000  1.000  1.999
  24.00 -0.861 -0.508  0.000  0.000  0.000  0.000  1.000  1.000  1.000  1.999
  24.00 -0.861 -0.508  0.000  0.000  0.000  0.000  1.000  1.000  1.000  1.999
  25.00 -0.861 -0.508  0.000  0.000  0.000  0.000  1.000  1.000  1.000  1.999
  25.00 -0.861 -0.508  0.000  0.000  0.000  0.000  1.000  1.000  1.000  1.999
  25.00 -0.861 -0.508  0.000  0.000  0.000  0.000  1.000  1.000  1.000  1.999
  25.00 -0.861 -0.508  0.000  0.000  0.000  0.000  1.000  1.000  1.000  1.999
  25.00 -0.861 -0.508  0.000  0.000  0.000  0.000  1.000  1.000  1.000  1.999
  26.00 -0.861 -0.508  0.000  0.000  0.000  0.000  1.000  1.000  1.000  1.999
  26.00 -0.861 -0.508  0.000  0.000  0.000  0.000  1.000  1.000  1.000  1.999
  26.00 -0.861 -0.508  0.000  0.000  0.000  0.000  1.000  1.000  1.000  1.999
  26.00 -0.861 -0.508  0.000  0.000  0.000  0.000  1.000  1.000  1.000  1.999
  26.00 -0.861 -0.508  0.000  0.000  0.000  0.000  1.000  1.000  1.000  1.999
  27.00 -0.861 -0.509  0.000  0.000  0.000  0.000  1.000  1.000  1.000  1.999
  27.00 -0.861 -0.509  0.000  0.000  0.000  0.000  1.000  1.000  1.000  1.999
  27.00 -0.861 -0.509  0.000  0.000  0.000  0.000  1.000  1.000  1.000  1.999
  27.00 -0.861 -0.509  0.000  0.000  0.000  0.000  1.000  1.000  1.000  1.999
  27.00 -0.861 -0.509  0.000  0.000  0.000  0.000  1.000  1.000  1.000  1.999
  28.00 -0.860 -0.509  0.000  0.000  0.000  0.000  1.000  1.000  1.000  1.999
  28.00 -0.861 -0.509  0.000  0.000  0.000  0.000  1.000  1.000  1.000  1.999
  28.00 -0.861 -0.509  0.000  0.000  0.000  0.000  1.000  1.000  1.000  1.999
  28.00 -0.861 -0.509  0.000  0.000  0.000  0.000  1.000  1.000  1.000  1.999
  28.00 -0.861 -0.509  0.000  0.000  0.000  0.000  1.000  1.000  1.000  1.999
  29.00 -0.860 -0.509  0.000  0.000  0.000  0.000  1.000  1.000  1.000  1.999
  29.00 -0.860 -0.509  0.000  0.000  0.000  0.000  1.000  1.000  1.000  1.999
  29.00 -0.860 -0.509  0.000  0.000  0.000  0.000  1.000  1.000  1.000  1.999
  29.00 -0.860 -0.509  0.000  0.000  0.000  0.000  1.000  1.000  1.000  1.999
  29.00 -0.860 -0.509  0.000  0.000  0.000  0.000  1.000  1.000  1.000  1.999
  30.00 -0.860 -0.509  0.000  0.000  0.000  0.000  1.000  1.000  1.000  1.999
  30.00 -0.860 -0.509  0.000  0.000  0.000  0.000  1.000  1.000  1.000  1.999
  30.00 -0.860 -0.509  0.000  0.000  0.000  0.000  1.000  1.000  1.000  1.999
  30.00 -0.860 -0.509  0.000  0.000  0.000  0.000  1.000  1.000  1.000  1.999
  30.00 -0.860 -0.509  0.000  0.000  0.000  0.000  1.000  1.000  1.000  1.999
  31.00 -0.860 -0.509  0.001  0.000  0.000  0.000  1.000  1.000  0.999  1.999
  31.00 -0.860 -0.509  0.000  0.000  0.000  0.000  1.000  1.000  1.000  1.999
  31.00 -0.860 -0.509  0.000  0.000  0.000  0.000  1.000  1.000  1.000  1.999
  31.00 -0.860 -0.509  0.000  0.000  0.000  0.000  1.000  1.000  1.000  1.999
  31.00 -0.860 -0.509  0.000  0.000  0.000  0.000  1.000  1.000  1.000  1.999
  32.00 -0.860 -0.509  0.001  0.000  0.000  0.000  1.000  1.000  0.999  1.999
  32.00 -0.860 -0.509  0.000  0.000  0.000  0.000  1.000  1.000  0.999  1.999
  32.00 -0.860 -0.509  0.000  0.000  0.000  0.000  1.000  1.000  1.000  1.999
  32.00 -0.860 -0.509  0.000  0.000  0.000  0.000  1.000  1.000  1.000  1.999
  32.00 -0.860 -0.509  0.000  0.000  0.000  0.000  1.000  1.000  1.000  1.999
  33.00 -0.860 -0.509  0.001  0.000  0.000  0.000  1.000  1.000  0.999  1.999
  33.00 -0.860 -0.509  0.000  0.000  0.000  0.000  1.000  1.000  0.999  1.999
  33.00 -0.860 -0.509  0.000  0.000  0.000  0.000  1.000  1.000  1.000  1.999
  33.00 -0.860 -0.509  0.000  0.000  0.000  0.000  1.000  1.000  1.000  1.999
  33.00 -0.860 -0.509  0.000  0.000  0.000  0.000  1.000  1.000  1.000  1.999
  34.00 -0.860 -0.509  0.001  0.000  0.000  0.000  1.000  1.000  0.999  1.999
  34.00 -0.860 -0.509  0.001  0.000  0.000  0.000  1.000  1.000  0.999  1.999
  34.00 -0.860 -0.509  0.000  0.000  0.000  0.000  1.000  1.000  0.999  1.999
  34.00 -0.860 -0.509  0.000  0.000  0.000  0.000  1.000  1.000  1.000  1.999
  34.00 -0.860 -0.509  0.000  0.000  0.000  0.000  1.000  1.000  1.000  1.999
  35.00 -0.860 -0.509  0.001  0.001  0.000  0.000  1.000  1.000  0.999  1.999
  35.00 -0.860 -0.509  0.001  0.000  0.000  0.000  1.000  1.000  0.999  1.999
  35.00 -0.860 -0.509  0.000  0.000  0.000  0.000  1.000  1.000  0.999  1.999
  35.00 -0.860 -0.509  0.000  0.000  0.000  0.000  1.000  1.000  1.000  1.999
  35.00 -0.860 -0.509  0.000  0.000  0.000  0.000  1.000  1.000  1.000  1.999
  36.00 -0.860 -0.509  0.001  0.001  0.000  0.000  1.000  1.001  0.999  1.999
  36.00 -0.860 -0.509  0.001  0.000  0.000  0.000  1.000  1.000  0.999  1.999
  36.00 -0.860 -0.509  0.001  0.000  0.000  0.000  1.000  1.000  0.999  1.999
  36.00 -0.860 -0.510  0.000  0.000  0.000  0.000  1.000  1.000  0.999  1.998
  36.00 -0.860 -0.509  0.000  0.000  0.000  0.000  1.000  0.999  1.000  1.999
  37.00 -0.860 -0.509  0.001  0.001  0.001  0.000  1.000  1.001  0.999  1.999
  37.00 -0.860 -0.509  0.001  0.000  0.000  0.000  1.000  1.000  0.999  1.999
  37.00 -0.860 -0.510  0.001  0.000  0.000  0.000  1.000  1.000  0.999  1.998
  37.00 -0.860 -0.510  0.000  0.000  0.000  0.000  1.000  1.000  0.999  1.998
  37.00 -0.860 -0.510  0.000  0.000  0.000  0.000  1.000  0.999  0.999  1.998
  38.00 -0.859 -0.509  0.001  0.001  0.001  0.000  1.000  1.001  0.999  1.999
  38.00 -0.859 -0.509  0.001  0.001  0.000  0.000  1.000  1.000  0.999  1.998
  38.00 -0.860 -0.510  0.001  0.000  0.000  0.000  1.000  1.000  0.999  1.998
  38.00 -0.860 -0.510  0.000  0.000  0.000  0.000  1.000  1.000  0.999  1.998
  38.00 -0.860 -0.510  0.000  0.000  0.000  0.000  1.000  0.999  0.999  1.998
  39.00 -0.859 -0.509  0.001  0.001  0.001  0.000  1.000  1.001  0.999  1.999
  39.00 -0.859 -0.509  0.001  0.001  0.000  0.000  1.000  1.000  0.999  1.998
  39.00 -0.859 -0.510  0.001  0.000  0.000  0.000  1.000  1.000  0.999  1.998
  39.00 -0.859 -0.510  0.000  0.000  0.000  0.000  1.000  1.000  0.999  1.998
  39.00 -0.860 -0.510  0.000  0.000  0.000  0.000  1.000  0.999  0.999  1.998
  40.00 -0.859 -0.509  0.001  0.001  0.001  0.000  1.000  1.001  0.999  1.998
  40.00 -0.859 -0.509  0.001  0.001  0.001  0.000  1.000  1.000  0.999  1.998
  40.00 -0.859 -0.510  0.001  0.000  0.000  0.000  1.000  1.000  0.999  1.998
  40.00 -0.859 -0.510  0.001  0.000  0.000  0.000  1.000  1.000  0.999  1.998
  40.00 -0.859 -0.510  0.000  0.000  0.000  0.000  1.000  0.999  0.999  1.998
  41.00 -0.859 -0.509  0.001  0.001  0.001  0.000  1.000  1.001  0.999  1.998
  41.00 -0.859 -0.509  0.001  0.001  0.001  0.000  1.000  1.001  0.999  1.998
  41.00 -0.859 -0.510  0.001  0.001  0.000  0.000  1.000  1.000  0.999  1.998
  41.00 -0.859 -0.510  0.001  0.000  0.000  0.000  1.000  1.000  0.999  1.998
  41.00 -0.859 -0.510  0.000  0.000  0.000  0.000  1.000  0.999  0.999  1.998
  42.00 -0.859 -0.509  0.001  0.001  0.001  0.000  1.000  1.001  0.999  1.998
  42.00 -0.859 -0.510  0.001  0.001  0.001  0.000  1.000  1.001  0.999  1.998
  42.00 -0.859 -0.510  0.001  0.001  0.000  0.000  1.000  1.000  0.999  1.998
  42.00 -0.859 -0.510  0.001  0.000  0.000  0.000  1.000  1.000  0.999  1.998
  42.00 -0.859 -0.510  0.000  0.000  0.000  0.000  1.000  0.999  0.999  1.998
  43.00 -0.859 -0.509  0.001  0.001  0.001  0.000  1.000  1.000  0.999  1.998
  43.00 -0.859 -0.510  0.001  0.001  0.001  0.000  1.000  1.001  0.999  1.998
  43.00 -0.859 -0.510  0.001  0.001  0.000  0.000  1.000  1.000  0.999  1.998
  43.00 -0.859 -0.510  0.001  0.000  0.000  0.000  1.000  1.000  0.999  1.998
  43.00 -0.859 -0.510  0.000  0.000  0.000  0.000  1.000  0.999  0.999  1.998
  44.00 -0.859 -0.510  0.001  0.001  0.001  0.000  1.000  1.000  0.999  1.998
  44.00 -0.859 -0.510  0.001  0.001  0.001  0.000  1.000  1.000  0.999  1.998
  44.00 -0.859 -0.510  0.001  0.001  0.001  0.000  1.000  1.000  0.999  1.998
  44.00 -0.859 -0.510  0.001  0.001  0.000  0.000  1.000  1.000  0.999  1.998
  44.00 -0.859 -0.510  0.001  0.000  0.000  0.000  1.000  1.000  0.999  1.998
  45.00 -0.859 -0.510  0.001  0.001  0.001  0.000  1.000  1.000  0.999  1.998
  45.00 -0.859 -0.510  0.001  0.001  0.001  0.000  1.000  1.000  0.999  1.997
  45.00 -0.859 -0.510  0.001  0.001  0.001  0.000  1.000  1.000  0.999  1.997
  45.00 -0.859 -0.510  0.001  0.001  0.000  0.000  1.000  1.000  0.999  1.997
  45.00 -0.859 -0.510  0.001  0.000  0.000  0.000  1.000  1.000  0.999  1.997
  46.00 -0.859 -0.510  0.001  0.001  0.001  0.000  1.000  1.000  0.999  1.998
  46.00 -0.859 -0.510  0.001  0.001  0.001  0.000  1.000  1.000  0.999  1.997
  46.00 -0.858 -0.510  0.001  0.001  0.001  0.000  1.000  1.000  0.998  1.997
  46.00 -0.858 -0.510  0.001  0.001  0.000  0.000  1.000  1.000  0.999  1.997
  46.00 -0.859 -0.510  0.001  0.000  0.000  0.000  1.000  1.000  0.999  1.997
  47.00 -0.859 -0.510  0.002  0.001  0.001  0.000  1.000  1.000  0.999  1.997
  47.00 -0.858 -0.510  0.001  0.001  0.001  0.000  1.000  1.000  0.998  1.997
  47.00 -0.858 -0.510  0.001  0.001  0.001  0.000  1.000  1.000  0.998  1.997
  47.00 -0.858 -0.510  0.001  0.001  0.000  0.000  1.000  1.000  0.999  1.997
  47.00 -0.858 -0.510  0.001  0.001  0.000  0.000  1.000  1.000  0.999  1.997
  48.00 -0.859 -0.510  0.002  0.000  0.001  0.001  1.000  1.000  0.999  1.997
  48.00 -0.858 -0.510  0.001  0.001  0.001  0.000  1.000  1.000  0.998  1.997
  48.00 -0.858 -0.510  0.001  0.001  0.001  0.000  1.000  1.000  0.998  1.997
  48.00 -0.858 -0.510  0.001  0.001  0.001  0.000  1.000  1.000  0.998  1.997
  48.00 -0.858 -0.510  0.001  0.001  0.000  0.000  1.000  1.000  0.999  1.997
  49.00 -0.859 -0.510  0.002  0.000  0.001  0.001  1.000  1.000  0.999  1.997
  49.00 -0.858 -0.510  0.001  0.001  0.001  0.000  1.000  1.000  0.998  1.997
  49.00 -0.858 -0.510  0.001  0.001  0.001  0.000  1.000  1.000  0.998  1.997
  49.00 -0.858 -0.510  0.001  0.001  0.001  0.000  1.000  1.000  0.998  1.997
  49.00 -0.858 -0.511  0.001  0.001  0.000  0.000  1.000  1.000  0.999  1.997
  50.00 -0.858 -0.510  0.002  0.000  0.001  0.001  1.000  1.000  0.999  1.997
  50.00 -0.858 -0.510  0.001  0.001  0.001  0.000  1.000  1.000  0.998  1.997
  50.00 -0.858 -0.510  0.001  0.001  0.001  0.000  1.000  1.000  0.998  1.997
  50.00 -0.858 -0.510  0.001  0.001  0.001  0.000  1.000  1.000  0.998  1.997
  50.00 -0.858 -0.511  0.001  0.001  0.000  0.000  1.000  1.000  0.998  1.997
  51.00 -0.858 -0.510  0.002  0.000  0.001  0.001  1.000  1.000  0.999  1.997
  51.00 -0.858 -0.510  0.002  0.001  0.001  0.000  1.000  1.000  0.998  1.997
  51.00 -0.858 -0.510  0.001  0.001  0.001  0.000  1.000  1.000  0.998  1.997
  51.00 -0.858 -0.511  0.001  0.001  0.001  0.000  1.000  1.000  0.998  1.997
  51.00 -0.858 -0.511  0.001  0.001  0.000  0.000  1.000  1.000  0.998  1.997
  52.00 -0.858 -0.510  0.002  0.000  0.001  0.001  1.000  1.000  0.999  1.997
  52.00 -0.858 -0.510  0.002  0.001  0.001  0.000  1.000  1.000  0.998  1.997
  52.00 -0.858 -0.511  0.001  0.001  0.001  0.000  1.000  1.000  0.998  1.997
  52.00 -0.858 -0.511  0.001  0.001  0.001  0.000  1.000  1.000  0.998  1.997
  52.00 -0.858 -0.511  0.001  0.001  0.000  0.000  1.000  1.000  0.998  1.997
  53.00 -0.858 -0.510  0.002  0.000  0.001  0.001  1.000  1.000  0.999  1.997
  53.00 -0.858 -0.511  0.002  0.001  0.001  0.000  1.000  1.000  0.998  1.996
  53.00 -0.858 -0.511  0.001  0.001  0.001  0.000  1.000  1.000  0.998  1.996
  53.00 -0.858 -0.511  0.001  0.001  0.001  0.000  1.000  1.000  0.998  1.996
  53.00 -0.858 -0.511  0.001  0.001  0.001  0.000  1.000  1.000  0.998  1.997
  54.00 -0.858 -0.511  0.002  0.000  0.001  0.001  1.000  1.000  0.999  1.997
  54.00 -0.858 -0.511  0.002  0.000  0.001  0.001  1.000  1.000  0.998  1.996
  54.00 -0.858 -0.511  0.001  0.001  0.001  0.000  1.000  1.000  0.998  1.996
  54.00 -0.858 -0.511  0.001  0.001  0.001  0.000  1.000  1.000  0.998  1.996
  54.00 -0.858 -0.511  0.001  0.001  0.001  0.000  1.000  1.000  0.998  1.996
  55.00 -0.858 -0.511  0.003  0.000  0.001  0.001  1.000  1.000  0.999  1.997
  55.00 -0.858 -0.511  0.002  0.000  0.001  0.001  1.000  1.000  0.998  1.996
  55.00 -0.858 -0.511  0.002  0.001  0.001  0.000  1.000  1.000  0.998  1.996
  55.00 -0.857 -0.511  0.001  0.001  0.001  0.000  1.000  1.000  0.998  1.996
  55.00 -0.857 -0.511  0.001  0.001  0.001  0.000  1.000  1.000  0.998  1.996
  56.00 -0.858 -0.511  0.003  0.000  0.001  0.001  1.000  1.000  0.999  1.997
  56.00 -0.858 -0.511  0.002  0.000  0.001  0.001  1.000  1.000  0.998  1.996
  56.00 -0.857 -0.511  0.002  0.001  0.001  0.000  1.000  1.000  0.998  1.996
  56.00 -0.857 -0.511  0.001  0.001  0.001  0.000  1.000  1.000  0.998  1.996
  56.00 -0.857 -0.511  0.001  0.001  0.001  0.000  1.000  1.000  0.998  1.996
  57.00 -0.858 -0.511  0.003  0.000  0.001  0.001  1.000  1.000  0.998  1.997
  57.00 -0.858 -0.511  0.002  0.000  0.001  0.001  1.000  1.000  0.998  1.996
  57.00 -0.857 -0.511  0.002  0.001  0.001  0.000  1.000  1.000  0.998  1.996
  57.00 -0.857 -0.511  0.001  0.001  0.001  0.000  1.000  1.000  0.998  1.996
  57.00 -0.857 -0.511  0.001  0.001  0.001  0.000  1.000  1.000  0.998  1.996
  58.00 -0.858 -0.511  0.003  0.000  0.001  0.001  1.000  1.000  0.998  1.997
  58.00 -0.857 -0.511  0.002  0.000  0.001  0.001  1.000  1.000  0.998  1.996
  58.00 -0.857 -0.511  0.002  0.001  0.001  0.000  1.000  1.000  0.998  1.996
  58.00 -0.857 -0.511  0.001  0.001  0.001  0.000  1.000  1.000  0.998  1.996
  58.00 -0.857 -0.511  0.001  0.001  0.001  0.000  1.000  1.000  0.998  1.996
  59.00 -0.858 -0.511  0.003  0.000  0.001  0.001  1.000  1.000  0.998  1.997
  59.00 -0.857 -0.511  0.003  0.000  0.001  0.001  1.000  1.000  0.998  1.996
  59.00 -0.857 -0.511  0.002  0.001  0.001  0.000  1.000  1.000  0.998  1.996
  59.00 -0.857 -0.511  0.001  0.001  0.001  0.000  1.000  1.000  0.998  1.996
  59.00 -0.857 -0.512  0.001  0.001  0.001  0.000  1.000  1.000  0.998  1.996
  60.00 -0.858 -0.511  0.004  0.000  0.001  0.001  1.000  1.000  0.998  1.997
  60.00 -0.857 -0.511  0.003  0.000  0.001  0.001  1.000  1.000  0.998  1.996
  60.00 -0.857 -0.512  0.002  0.000  0.001  0.001  1.000  1.000  0.998  1.996
  60.00 -0.857 -0.512  0.002  0.001  0.001  0.000  1.000  1.000  0.998  1.996
  60.00 -0.857 -0.512  0.001  0.001  0.000  0.000  1.000  1.000  0.998  1.996
  61.00 -0.858 -0.511  0.004  0.000  0.001  0.001  1.000  1.000  0.998  1.997
  61.00 -0.857 -0.511  0.003  0.000  0.001  0.001  1.000  1.000  0.998  1.996
  61.00 -0.857 -0.512  0.002  0.000  0.001  0.001  1.000  1.000  0.998  1.996
  61.00 -0.857 -0.512  0.002  0.001  0.001  0.000  1.000  1.000  0.998  1.995
  61.00 -0.857 -0.512  0.001  0.001  0.000  0.000  1.000  1.000  0.998  1.996
  62.00 -0.857 -0.511  0.004  0.000  0.001  0.001  1.000  1.000  0.998  1.997
  62.00 -0.857 -0.512  0.003  0.000  0.001  0.001  1.000  1.000  0.998  1.996
  62.00 -0.857 -0.512  0.002  0.000  0.001  0.001  1.000  1.000  0.998  1.995
  62.00 -0.857 -0.512  0.002  0.001  0.001  0.000  1.000  1.000  0.998  1.995
  62.00 -0.857 -0.512  0.001  0.001  0.000  0.000  1.000  1.000  0.998  1.995
  63.00 -0.857 -0.511  0.004  0.000  0.001  0.002  1.000  1.000  0.998  1.996
  63.00 -0.857 -0.512  0.003  0.000  0.001  0.001  1.000  1.000  0.998  1.996
  63.00 -0.857 -0.512  0.002  0.000  0.001  0.001  1.000  1.000  0.998  1.995
  63.00 -0.856 -0.512  0.002  0.001  0.001  0.000  1.000  1.000  0.998  1.995
  63.00 -0.856 -0.512  0.001  0.001  0.000  0.000  1.000  1.000  0.998  1.995
  64.00 -0.857 -0.512  0.005  0.000  0.001  0.002  1.000  1.000  0.998  1.996
  64.00 -0.857 -0.512  0.004  0.000  0.001  0.001  1.000  1.000  0.998  1.996
  64.00 -0.856 -0.512  0.003  0.000  0.001  0.001  1.000  1.000  0.998  1.995
  64.00 -0.856 -0.512  0.002  0.001  0.001  0.000  1.000  0.999  0.998  1.995
  64.00 -0.856 -0.512  0.001  0.001  0.000  0.000  1.000  1.000  0.998  1.995
  65.00 -0.857 -0.512  0.005  0.001  0.001  0.002  1.000  1.000  0.998  1.996
  65.00 -0.857 -0.512  0.004  0.001  0.001  0.001  1.000  1.000  0.998  1.996
  65.00 -0.856 -0.512  0.003  0.000  0.001  0.001  1.000  1.000  0.998  1.995
  65.00 -0.856 -0.512  0.002  0.001  0.001  0.000  1.000  0.999  0.998  1.995
  65.00 -0.856 -0.512  0.002  0.001  0.000  0.000  1.000  1.000  0.998  1.995
  66.00 -0.857 -0.512  0.005  0.001  0.001  0.002  1.000  1.000  0.998  1.996
  66.00 -0.856 -0.512  0.004  0.001  0.001  0.001  1.000  1.000  0.998  1.995
  66.00 -0.856 -0.512  0.003  0.001  0.001  0.001  1.000  1.000  0.998  1.995
  66.00 -0.856 -0.512  0.002  0.000  0.001  0.001  1.000  0.999  0.998  1.995
  66.00 -0.856 -0.513  0.002  0.001  0.000  0.000  1.000  0.999  0.998  1.995
  67.00 -0.857 -0.512  0.006  0.001  0.001  0.002  1.000  1.000  0.998  1.996
  67.00 -0.856 -0.512  0.004  0.001  0.001  0.001  1.000  1.000  0.998  1.995
  67.00 -0.856 -0.512  0.003  0.001  0.001  0.001  1.000  1.000  0.998  1.995
  67.00 -0.856 -0.513  0.002  0.000  0.001  0.001  1.000  0.999  0.998  1.995
  67.00 -0.856 -0.513  0.002  0.001  0.000  0.000  1.000  0.999  0.998  1.995
  68.00 -0.857 -0.512  0.006  0.001  0.001  0.002  1.000  1.000  0.998  1.996
  68.00 -0.856 -0.512  0.005  0.001  0.001  0.002  1.000  1.000  0.998  1.995
  68.00 -0.856 -0.513  0.003  0.001  0.001  0.001  1.000  1.000  0.998  1.995
  68.00 -0.856 -0.513  0.002  0.001  0.001  0.001  1.000  0.999  0.998  1.995
  68.00 -0.856 -0.513  0.002  0.001  0.000  0.000  1.000  0.999  0.998  1.995
  69.00 -0.857 -0.512  0.007  0.001  0.002  0.003  1.000  1.001  0.998  1.996
  69.00 -0.856 -0.512  0.005  0.001  0.001  0.002  1.000  1.000  0.998  1.995
  69.00 -0.856 -0.513  0.004  0.001  0.001  0.001  1.000  1.000  0.998  1.995
  69.00 -0.856 -0.513  0.003  0.001  0.001  0.001  1.000  0.999  0.998  1.995
  69.00 -0.856 -0.513  0.002  0.000  0.000  0.000  0.999  0.999  0.998  1.995
  70.00 -0.856 -0.512  0.007  0.001  0.002  0.003  1.000  1.001  0.998  1.996
  70.00 -0.856 -0.512  0.005  0.001  0.001  0.002  1.000  1.000  0.997  1.995
  70.00 -0.856 -0.513  0.004  0.001  0.001  0.001  1.000  1.000  0.997  1.995
  70.00 -0.855 -0.513  0.003  0.001  0.001  0.001  1.000  0.999  0.997  1.994
  70.00 -0.856 -0.513  0.002  0.000  0.000  0.000  0.999  0.999  0.998  1.995
  71.00 -0.856 -0.512  0.008  0.001  0.002  0.003  1.000  1.001  0.998  1.996
  71.00 -0.856 -0.513  0.006  0.001  0.001  0.002  1.000  1.000  0.997  1.995
  71.00 -0.855 -0.513  0.004  0.001  0.001  0.001  1.000  1.000  0.997  1.994
  71.00 -0.855 -0.513  0.003  0.001  0.001  0.001  1.000  0.999  0.997  1.994
  71.00 -0.855 -0.513  0.002  0.000  0.000  0.000  0.999  0.999  0.998  1.994
  72.00 -0.856 -0.512  0.008  0.001  0.002  0.003  1.000  1.001  0.998  1.996
  72.00 -0.855 -0.513  0.006  0.001  0.001  0.002  1.000  1.000  0.997  1.995
  72.00 -0.855 -0.513  0.004  0.001  0.001  0.001  1.000  1.000  0.997  1.994
  72.00 -0.855 -0.513  0.003  0.001  0.001  0.001  1.000  1.000  0.997  1.994
  72.00 -0.855 -0.513  0.002  0.000  0.000  0.001  0.999  0.999  0.997  1.994
  73.00 -0.856 -0.512  0.009  0.001  0.002  0.004  1.001  1.001  0.998  1.997
  73.00 -0.855 -0.513  0.006  0.001  0.001  0.002  1.000  1.000  0.997  1.995
  73.00 -0.855 -0.513  0.005  0.001  0.001  0.002  1.000  1.000  0.997  1.994
  73.00 -0.855 -0.513  0.003  0.001  0.001  0.001  1.000  1.000  0.997  1.994
  73.00 -0.855 -0.514  0.002  0.000  0.000  0.001  0.999  0.999  0.997  1.994
  74.00 -0.856 -0.512  0.010  0.001  0.002  0.004  1.001  1.002  0.997  1.997
  74.00 -0.855 -0.513  0.007  0.001  0.002  0.003  1.000  1.001  0.997  1.995
  74.00 -0.855 -0.513  0.005  0.001  0.001  0.002  1.000  1.000  0.997  1.994
  74.00 -0.855 -0.513  0.004  0.001  0.001  0.001  1.000  1.000  0.997  1.994
  74.00 -0.855 -0.514  0.003  0.001  0.001  0.001  0.999  0.999  0.997  1.994
  75.00 -0.856 -0.512  0.011  0.001  0.002  0.005  1.001  1.002  0.997  1.997
  75.00 -0.855 -0.513  0.008  0.001  0.002  0.003  1.000  1.001  0.997  1.994
  75.00 -0.854 -0.513  0.005  0.001  0.001  0.002  1.000  1.000  0.997  1.994
  75.00 -0.854 -0.514  0.004  0.001  0.001  0.001  1.000  1.000  0.997  1.994
  75.00 -0.855 -0.514  0.003  0.001  0.001  0.001  0.999  0.999  0.997  1.994
  76.00 -0.856 -0.512  0.011  0.001  0.003  0.005  1.001  1.002  0.997  1.997
  76.00 -0.854 -0.513  0.008  0.001  0.002  0.003  1.000  1.001  0.997  1.994
  76.00 -0.854 -0.513  0.006  0.001  0.001  0.002  1.000  1.000  0.997  1.993
  76.00 -0.854 -0.514  0.004  0.001  0.001  0.001  1.000  1.000  0.997  1.993
  76.00 -0.854 -0.514  0.003  0.001  0.001  0.001  0.999  0.999  0.997  1.994
  77.00 -0.855 -0.512  0.012  0.002  0.003  0.006  1.001  1.002  0.997  1.997
  77.00 -0.854 -0.513  0.009  0.001  0.002  0.004  1.001  1.001  0.996  1.994
  77.00 -0.854 -0.513  0.006  0.001  0.001  0.002  1.000  1.000  0.996  1.993
  77.00 -0.854 -0.514  0.004  0.001  0.001  0.001  1.000  1.000  0.997  1.993
  77.00 -0.854 -0.514  0.003  0.001  0.001  0.001  0.999  0.999  0.997  1.993
  78.00 -0.855 -0.512  0.013  0.002  0.003  0.006  1.001  1.003  0.997  1.997
  78.00 -0.854 -0.513  0.010  0.001  0.002  0.004  1.001  1.001  0.996  1.994
  78.00 -0.854 -0.514  0.007  0.001  0.001  0.003  1.000  1.000  0.996  1.993
  78.00 -0.854 -0.514  0.005  0.001  0.001  0.002  1.000  1.000  0.997  1.993
  78.00 -0.854 -0.514  0.003  0.001  0.001  0.001  0.999  0.999  0.997  1.993
  79.00 -0.855 -0.512  0.015  0.002  0.004  0.007  1.002  1.003  0.997  1.997
  79.00 -0.854 -0.513  0.010  0.002  0.002  0.004  1.001  1.002  0.996  1.994
  79.00 -0.853 -0.514  0.007  0.001  0.002  0.003  1.000  1.001  0.996  1.993
  79.00 -0.853 -0.514  0.005  0.001  0.001  0.002  1.000  1.000  0.996  1.992
  79.00 -0.854 -0.514  0.003  0.001  0.001  0.001  0.999  0.999  0.997  1.993
  80.00 -0.855 -0.512  0.016  0.002  0.004  0.007  1.002  1.003  0.997  1.997
  80.00 -0.853 -0.513  0.011  0.002  0.003  0.005  1.001  1.002  0.996  1.994
  80.00 -0.853 -0.514  0.008  0.001  0.002  0.003  1.000  1.001  0.996  1.992
  80.00 -0.853 -0.514  0.005  0.001  0.001  0.002  1.000  1.000  0.996  1.992
  80.00 -0.853 -0.514  0.004  0.001  0.001  0.001  0.999  0.999  0.997  1.992
  81.00 -0.855 -0.512  0.017  0.002  0.004  0.008  1.002  1.004  0.997  1.998
  81.00 -0.853 -0.513  0.012  0.002  0.003  0.005  1.001  1.002  0.996  1.994
  81.00 -0.853 -0.514  0.008  0.001  0.002  0.003  1.000  1.001  0.996  1.992
  81.00 -0.853 -0.514  0.006  0.001  0.001  0.002  1.000  1.000  0.996  1.992
  81.00 -0.853 -0.515  0.004  0.001  0.001  0.001  0.999  0.999  0.996  1.992
  82.00 -0.855 -0.512  0.019  0.002  0.005  0.009  1.002  1.004  0.997  1.998
  82.00 -0.853 -0.513  0.013  0.002  0.003  0.006  1.001  1.003  0.995  1.993
  82.00 -0.852 -0.514  0.009  0.002  0.002  0.004  1.000  1.001  0.995  1.992
  82.00 -0.853 -0.514  0.006  0.001  0.001  0.002  1.000  1.000  0.996  1.991
  82.00 -0.853 -0.515  0.004  0.001  0.001  0.001  0.999  0.999  0.996  1.992
  83.00 -0.855 -0.512  0.020  0.002  0.005  0.010  1.002  1.005  0.997  1.998
  83.00 -0.853 -0.513  0.014  0.002  0.003  0.006  1.001  1.003  0.995  1.993
  83.00 -0.852 -0.514  0.010  0.002  0.002  0.004  1.001  1.001  0.995  1.991
  83.00 -0.852 -0.514  0.007  0.001  0.001  0.003  1.000  1.000  0.995  1.991
  83.00 -0.853 -0.515  0.005  0.001  0.001  0.002  0.999  1.000  0.996  1.991
  84.00 -0.855 -0.512  0.022  0.002  0.005  0.011  1.003  1.005  0.997  1.999
  84.00 -0.852 -0.513  0.016  0.002  0.004  0.007  1.002  1.003  0.995  1.993
  84.00 -0.852 -0.514  0.011  0.002  0.002  0.005  1.001  1.002  0.995  1.991
  84.00 -0.852 -0.514  0.007  0.001  0.002  0.003  1.000  1.000  0.995  1.991
  84.00 -0.852 -0.515  0.005  0.001  0.001  0.002  1.000  1.000  0.996  1.991
  85.00 -0.855 -0.512  0.024  0.002  0.006  0.012  1.003  1.006  0.997  2.000
  85.00 -0.852 -0.513  0.017  0.003  0.004  0.008  1.002  1.004  0.995  1.993
  85.00 -0.851 -0.514  0.012  0.002  0.003  0.005  1.001  1.002  0.994  1.991
  85.00 -0.851 -0.515  0.008  0.002  0.002  0.003  1.000  1.001  0.995  1.990
  85.00 -0.852 -0.515  0.005  0.001  0.001  0.002  1.000  1.000  0.995  1.991
  86.00 -0.855 -0.512  0.026  0.002  0.006  0.013  1.003  1.006  0.997  2.001
  86.00 -0.852 -0.513  0.019  0.003  0.004  0.008  1.002  1.004  0.995  1.994
  86.00 -0.851 -0.514  0.013  0.002  0.003  0.005  1.001  1.002  0.994  1.991
  86.00 -0.851 -0.515  0.008  0.002  0.002  0.003  1.000  1.001  0.995  1.990
  86.00 -0.852 -0.515  0.006  0.001  0.001  0.002  1.000  1.000  0.995  1.990
  87.00 -0.856 -0.512  0.028  0.002  0.007  0.014  1.003  1.006  0.998  2.002
  87.00 -0.852 -0.513  0.020  0.003  0.005  0.009  1.002  1.005  0.995  1.994
  87.00 -0.850 -0.514  0.014  0.002  0.003  0.006  1.001  1.003  0.994  1.991
  87.00 -0.851 -0.515  0.009  0.002  0.002  0.004  1.000  1.001  0.994  1.990
  87.00 -0.851 -0.515  0.006  0.001  0.001  0.002  1.000  1.000  0.995  1.990
  88.00 -0.856 -0.513  0.031  0.001  0.008  0.015  1.003  1.007  0.998  2.003
  88.00 -0.851 -0.513  0.022  0.003  0.005  0.010  1.003  1.005  0.994  1.994
  88.00 -0.850 -0.514  0.015  0.003  0.004  0.007  1.002  1.003  0.994  1.990
  88.00 -0.850 -0.515  0.010  0.002  0.002  0.004  1.001  1.001  0.994  1.989
  88.00 -0.851 -0.515  0.007  0.001  0.001  0.002  1.000  1.000  0.995  1.990
  89.00 -0.857 -0.513  0.033  0.001  0.008  0.016  1.004  1.007  0.999  2.004
  89.00 -0.851 -0.513  0.024  0.003  0.006  0.011  1.003  1.005  0.995  1.995
  89.00 -0.850 -0.514  0.016  0.003  0.004  0.007  1.002  1.004  0.993  1.990
  89.00 -0.850 -0.515  0.011  0.002  0.003  0.004  1.001  1.002  0.994  1.989
  89.00 -0.850 -0.515  0.007  0.001  0.002  0.003  1.000  1.000  0.994  1.989
  90.00 -0.857 -0.513  0.036  0.000  0.009  0.018  1.004  1.007  0.999  2.006
  90.00 -0.851 -0.514  0.026  0.003  0.006  0.012  1.003  1.006  0.995  1.995
  90.00 -0.849 -0.514  0.018  0.003  0.004  0.008  1.002  1.004  0.993  1.990
  90.00 -0.849 -0.515  0.012  0.002  0.003  0.005  1.001  1.002  0.993  1.989
  90.00 -0.850 -0.515  0.008  0.002  0.002  0.003  1.000  1.001  0.994  1.989
  91.00 -0.858 -0.513  0.039  0.000  0.010  0.019  1.004  1.008  1.000  2.008
  91.00 -0.851 -0.514  0.028  0.002  0.007  0.013  1.003  1.006  0.995  1.996
  91.00 -0.849 -0.514  0.019  0.003  0.005  0.009  1.002  1.004  0.993  1.990
  91.00 -0.849 -0.515  0.013  0.003  0.003  0.006  1.001  1.003  0.993  1.989
  91.00 -0.850 -0.516  0.009  0.002  0.002  0.003  1.000  1.001  0.994  1.989
  92.00 -0.859 -0.513  0.042 -0.001  0.011  0.021  1.004  1.008  1.001  2.011
  92.00 -0.852 -0.514  0.030  0.002  0.007  0.015  1.003  1.007  0.995  1.996
  92.00 -0.849 -0.515  0.021  0.003  0.005  0.010  1.002  1.005  0.993  1.990
  92.00 -0.848 -0.515  0.014  0.003  0.003  0.006  1.001  1.003  0.993  1.988
  92.00 -0.849 -0.516  0.009  0.002  0.002  0.004  1.000  1.001  0.993  1.988
  93.00 -0.860 -0.513  0.045 -0.002  0.011  0.023  1.004  1.009  1.002  2.013
  93.00 -0.852 -0.514  0.033  0.002  0.008  0.016  1.004  1.007  0.995  1.997
  93.00 -0.849 -0.515  0.023  0.003  0.005  0.011  1.003  1.005  0.993  1.990
  93.00 -0.848 -0.515  0.015  0.003  0.004  0.007  1.002  1.003  0.992  1.988
  93.00 -0.849 -0.516  0.010  0.002  0.002  0.004  1.001  1.002  0.993  1.988
  94.00 -0.861 -0.513  0.048 -0.002  0.012  0.025  1.005  1.010  1.004  2.017
  94.00 -0.852 -0.514  0.036  0.002  0.008  0.018  1.004  1.007  0.996  1.999
  94.00 -0.848 -0.515  0.025  0.003  0.006  0.012  1.003  1.006  0.992  1.991
  94.00 -0.848 -0.515  0.017  0.003  0.004  0.007  1.002  1.004  0.992  1.988
  94.00 -0.848 -0.516  0.011  0.002  0.002  0.005  1.001  1.002  0.993  1.987
  95.00 -0.862 -0.514  0.052 -0.003  0.013  0.027  1.005  1.011  1.005  2.021
  95.00 -0.852 -0.514  0.039  0.002  0.009  0.019  1.004  1.008  0.996  2.000
  95.00 -0.848 -0.515  0.027  0.003  0.006  0.013  1.003  1.006  0.992  1.991
  95.00 -0.847 -0.515  0.018  0.003  0.004  0.008  1.002  1.004  0.992  1.988
  95.00 -0.848 -0.516  0.012  0.003  0.003  0.005  1.001  1.002  0.992  1.987
  96.00 -0.864 -0.514  0.055 -0.004  0.014  0.029  1.006  1.012  1.007  2.025
  96.00 -0.852 -0.515  0.042  0.001  0.010  0.021  1.004  1.009  0.997  2.002
  96.00 -0.848 -0.515  0.030  0.003  0.007  0.014  1.003  1.007  0.992  1.991
  96.00 -0.847 -0.516  0.020  0.003  0.004  0.009  1.002  1.004  0.991  1.987
  96.00 -0.847 -0.516  0.013  0.003  0.003  0.006  1.001  1.002  0.992  1.987
  97.00 -0.865 -0.515  0.059 -0.005  0.016  0.031  1.006  1.012  1.008  2.029
  97.00 -0.853 -0.515  0.045  0.001  0.010  0.023  1.005  1.010  0.997  2.004
  97.00 -0.848 -0.515  0.032  0.003  0.007  0.016  1.004  1.007  0.992  1.992
  97.00 -0.846 -0.516  0.022  0.003  0.005  0.010  1.002  1.005  0.991  1.987
  97.00 -0.847 -0.516  0.014  0.003  0.003  0.006  1.001  1.003  0.992  1.986
  98.00 -0.867 -0.515  0.063 -0.006  0.017  0.034  1.006  1.013  1.010  2.034
  98.00 -0.853 -0.516  0.049  0.000  0.011  0.025  1.005  1.010  0.998  2.007
  98.00 -0.847 -0.516  0.035  0.003  0.008  0.018  1.004  1.008  0.993  1.993
  98.00 -0.846 -0.516  0.024  0.004  0.005  0.011  1.003  1.005  0.991  1.987
  98.00 -0.846 -0.516  0.016  0.003  0.003  0.007  1.001  1.003  0.991  1.986
  99.00 -0.868 -0.516  0.067 -0.008  0.018  0.036  1.006  1.014  1.012  2.039
  99.00 -0.854 -0.516  0.052  0.000  0.012  0.027  1.005  1.011  0.999  2.009
  99.00 -0.847 -0.516  0.038  0.003  0.008  0.019  1.004  1.008  0.993  1.994
  99.00 -0.845 -0.516  0.026  0.004  0.005  0.013  1.003  1.006  0.991  1.987
  99.00 -0.845 -0.517  0.017  0.003  0.004  0.008  1.002  1.004  0.991  1.985
 100.00 -0.870 -0.517  0.072 -0.009  0.019  0.040  1.007  1.016  1.015  2.046
 100.00 -0.854 -0.517  0.056 -0.001  0.013  0.030  1.006  1.012  1.000  2.012
 100.00 -0.847 -0.517  0.041  0.003  0.008  0.021  1.005  1.009  0.993  1.995
 100.00 -0.844 -0.517  0.029  0.004  0.006  0.014  1.003  1.007  0.990  1.988
 100.00 -0.845 -0.517  0.019  0.003  0.004  0.009  1.002  1.004  0.990  1.985
 101.00 -0.872 -0.518  0.076 -0.010  0.020  0.043  1.007  1.017  1.017  2.053
 101.00 -0.855 -0.517  0.061 -0.001  0.013  0.032  1.006  1.013  1.001  2.016
 101.00 -0.847 -0.517  0.045  0.003  0.009  0.023  1.005  1.010  0.993  1.997
 101.00 -0.844 -0.517  0.031  0.004  0.006  0.015  1.004  1.007  0.990  1.988
 101.00 -0.844 -0.517  0.021  0.004  0.004  0.010  1.002  1.005  0.990  1.985
 102.00 -0.874 -0.519  0.081 -0.011  0.021  0.046  1.008  1.019  1.020  2.060
 102.00 -0.856 -0.518  0.065 -0.002  0.014  0.035  1.007  1.014  1.003  2.019
 102.00 -0.847 -0.518  0.048  0.003  0.009  0.025  1.005  1.010  0.994  1.998
 102.00 -0.843 -0.518  0.034  0.004  0.006  0.017  1.004  1.008  0.990  1.988
 102.00 -0.843 -0.518  0.023  0.004  0.004  0.011  1.003  1.005  0.990  1.985
 103.00 -0.876 -0.521  0.085 -0.012  0.023  0.048  1.009  1.021  1.023  2.067
 103.00 -0.857 -0.519  0.070 -0.002  0.014  0.038  1.007  1.015  1.004  2.024
 103.00 -0.847 -0.519  0.052  0.003  0.010  0.027  1.006  1.011  0.994  2.000
 103.00 -0.843 -0.518  0.037  0.004  0.007  0.018  1.004  1.008  0.990  1.989
 103.00 -0.843 -0.518  0.025  0.004  0.005  0.012  1.003  1.006  0.989  1.985
 104.00 -0.878 -0.522  0.090 -0.013  0.024  0.051  1.010  1.025  1.026  2.077
 104.00 -0.857 -0.521  0.075 -0.003  0.015  0.040  1.008  1.016  1.006  2.028
 104.00 -0.847 -0.519  0.057  0.002  0.011  0.029  1.006  1.012  0.995  2.002
 104.00 -0.842 -0.519  0.040  0.004  0.007  0.020  1.005  1.009  0.990  1.989
 104.00 -0.842 -0.518  0.027  0.005  0.005  0.013  1.003  1.006  0.989  1.985
 105.00 -0.881 -0.524  0.094 -0.014  0.026  0.054  1.012  1.029  1.029  2.089
 105.00 -0.858 -0.522  0.080 -0.003  0.016  0.043  1.008  1.018  1.008  2.034
 105.00 -0.847 -0.520  0.061  0.002  0.011  0.032  1.006  1.013  0.996  2.004
 105.00 -0.842 -0.519  0.043  0.004  0.008  0.022  1.005  1.010  0.990  1.990
 105.00 -0.841 -0.519  0.030  0.005  0.005  0.014  1.004  1.007  0.989  1.984
 106.00 -0.883 -0.526  0.099 -0.015  0.027  0.058  1.013  1.032  1.033  2.099
 106.00 -0.859 -0.524  0.085 -0.003  0.018  0.046  1.009  1.020  1.010  2.040
 106.00 -0.847 -0.522  0.065  0.002  0.012  0.034  1.007  1.014  0.997  2.008
 106.00 -0.842 -0.520  0.047  0.004  0.008  0.024  1.005  1.011  0.990  1.991
 106.00 -0.840 -0.519  0.032  0.005  0.006  0.016  1.004  1.008  0.988  1.985
 107.00 -0.886 -0.528  0.103 -0.016  0.030  0.061  1.015  1.037  1.037  2.112
 107.00 -0.859 -0.526  0.090 -0.004  0.019  0.050  1.010  1.023  1.012  2.047
 107.00 -0.847 -0.523  0.070  0.002  0.013  0.037  1.008  1.016  0.998  2.012
 107.00 -0.841 -0.521  0.051  0.004  0.009  0.026  1.006  1.012  0.991  1.993
 107.00 -0.840 -0.520  0.035  0.005  0.006  0.018  1.004  1.008  0.988  1.985
 108.00 -0.890 -0.530  0.107 -0.015  0.033  0.065  1.019  1.046  1.042  2.131
 108.00 -0.860 -0.529  0.096 -0.004  0.020  0.053  1.011  1.026  1.014  2.055
 108.00 -0.847 -0.525  0.075  0.002  0.013  0.040  1.009  1.018  0.999  2.016
 108.00 -0.841 -0.522  0.055  0.004  0.009  0.029  1.006  1.013  0.991  1.995
 108.00 -0.839 -0.520  0.038  0.005  0.006  0.020  1.005  1.009  0.988  1.985
 109.00 -0.893 -0.533  0.110 -0.014  0.037  0.067  1.023  1.056  1.046  2.150
 109.00 -0.861 -0.532  0.102 -0.004  0.021  0.058  1.013  1.031  1.017  2.065
 109.00 -0.847 -0.526  0.080  0.002  0.013  0.044  1.009  1.020  1.000  2.021
 109.00 -0.840 -0.523  0.059  0.005  0.010  0.031  1.007  1.014  0.992  1.997
 109.00 -0.838 -0.521  0.042  0.006  0.007  0.021  1.005  1.010  0.988  1.986
 110.00 -0.896 -0.536  0.111 -0.013  0.040  0.068  1.028  1.065  1.050  2.167
 110.00 -0.861 -0.535  0.108 -0.003  0.022  0.062  1.015  1.035  1.019  2.074
 110.00 -0.847 -0.529  0.085  0.002  0.014  0.047  1.010  1.022  1.002  2.027
 110.00 -0.840 -0.525  0.064  0.005  0.010  0.034  1.007  1.015  0.992  1.999
 110.00 -0.838 -0.522  0.045  0.006  0.007  0.023  1.005  1.011  0.988  1.987
 111.00 -0.899 -0.539  0.110 -0.010  0.045  0.068  1.033  1.077  1.054  2.188
 111.00 -0.860 -0.537  0.114 -0.003  0.024  0.066  1.017  1.040  1.021  2.082
 111.00 -0.847 -0.532  0.091  0.002  0.014  0.051  1.011  1.024  1.004  2.032
 111.00 -0.839 -0.527  0.068  0.006  0.010  0.037  1.008  1.017  0.993  2.003
 111.00 -0.837 -0.523  0.049  0.006  0.007  0.026  1.006  1.012  0.988  1.988
 112.00 -0.903 -0.543  0.105 -0.006  0.049  0.067  1.040  1.093  1.059  2.213
 112.00 -0.861 -0.542  0.120 -0.001  0.025  0.069  1.021  1.048  1.024  2.096
 112.00 -0.845 -0.535  0.096  0.003  0.014  0.055  1.012  1.026  1.005  2.036
 112.00 -0.838 -0.529  0.073  0.006  0.010  0.041  1.009  1.018  0.993  2.005
 112.00 -0.836 -0.525  0.053  0.007  0.007  0.028  1.007  1.013  0.988  1.989
 113.00 -0.904 -0.548  0.098  0.002  0.052  0.066  1.049  1.111  1.061  2.238
 113.00 -0.860 -0.546  0.125  0.002  0.028  0.074  1.024  1.056  1.027  2.110
 113.00 -0.844 -0.539  0.102  0.005  0.014  0.058  1.014  1.030  1.007  2.043
 113.00 -0.836 -0.531  0.079  0.006  0.010  0.044  1.009  1.019  0.994  2.007
 113.00 -0.834 -0.526  0.057  0.008  0.007  0.031  1.007  1.014  0.988  1.991
 114.00 -0.902 -0.552  0.088  0.014  0.058  0.062  1.058  1.132  1.061  2.259
 114.00 -0.860 -0.549  0.130  0.004  0.031  0.077  1.027  1.063  1.029  2.121
 114.00 -0.842 -0.543  0.108  0.007  0.014  0.063  1.015  1.034  1.007  2.049
 114.00 -0.835 -0.534  0.084  0.007  0.008  0.047  1.009  1.020  0.995  2.011
 114.00 -0.833 -0.528  0.062  0.008  0.007  0.034  1.008  1.015  0.988  1.992
 115.00 -0.898 -0.555  0.074  0.029  0.065  0.054  1.071  1.158  1.058  2.278
 115.00 -0.861 -0.553  0.135  0.008  0.034  0.080  1.031  1.074  1.032  2.139
 115.00 -0.840 -0.547  0.115  0.009  0.014  0.067  1.018  1.039  1.009  2.057
 115.00 -0.833 -0.538  0.090  0.009  0.007  0.051  1.010  1.022  0.996  2.014
 115.00 -0.832 -0.530  0.066  0.009  0.006  0.037  1.008  1.016  0.989  1.994
 116.00 -0.891 -0.558  0.056  0.049  0.071  0.048  1.088  1.194  1.053  2.302
 116.00 -0.862 -0.558  0.139  0.013  0.037  0.083  1.038  1.088  1.037  2.163
 116.00 -0.838 -0.553  0.122  0.011  0.014  0.071  1.021  1.045  1.011  2.068
 116.00 -0.831 -0.542  0.095  0.010  0.005  0.053  1.011  1.024  0.997  2.018
 116.00 -0.830 -0.533  0.072  0.010  0.005  0.040  1.008  1.017  0.989  1.996
 117.00 -0.880 -0.561  0.037  0.071  0.080  0.041  1.108  1.233  1.044  2.324
 117.00 -0.863 -0.563  0.140  0.018  0.041  0.085  1.045  1.103  1.040  2.185
 117.00 -0.836 -0.557  0.129  0.014  0.014  0.076  1.023  1.051  1.013  2.077
 117.00 -0.829 -0.546  0.101  0.012  0.005  0.057  1.012  1.028  0.998  2.023
 117.00 -0.828 -0.536  0.077  0.011  0.003  0.042  1.008  1.018  0.990  1.997
 118.00 -0.863 -0.564  0.016  0.095  0.087  0.032  1.125  1.268  1.031  2.330
 118.00 -0.865 -0.567  0.140  0.026  0.047  0.085  1.056  1.124  1.044  2.213
 118.00 -0.834 -0.563  0.135  0.017  0.016  0.080  1.028  1.060  1.015  2.090
 118.00 -0.826 -0.551  0.107  0.014  0.004  0.061  1.013  1.031  0.999  2.028
 118.00 -0.826 -0.540  0.082  0.012  0.002  0.045  1.009  1.019  0.990  1.999
 119.00 -0.844 -0.568 -0.003  0.117  0.093  0.026  1.141  1.302  1.017  2.337
 119.00 -0.867 -0.570  0.136  0.040  0.052  0.081  1.070  1.152  1.047  2.247
 119.00 -0.832 -0.569  0.142  0.020  0.018  0.085  1.033  1.070  1.018  2.107
 119.00 -0.823 -0.557  0.113  0.016  0.003  0.067  1.015  1.036  1.001  2.037
 119.00 -0.824 -0.544  0.087  0.013  0.002  0.049  1.010  1.021  0.991  2.004
 120.00 -0.825 -0.572 -0.021  0.138  0.099  0.023  1.158  1.337  1.004  2.345
 120.00 -0.865 -0.573  0.125  0.057  0.060  0.073  1.085  1.183  1.045  2.275
 120.00 -0.830 -0.575  0.149  0.024  0.021  0.090  1.039  1.081  1.021  2.123
 120.00 -0.821 -0.564  0.120  0.018  0.004  0.071  1.017  1.040  1.003  2.046
 120.00 -0.822 -0.548  0.093  0.014  0.001  0.053  1.011  1.024  0.992  2.008
 121.00 -0.803 -0.576 -0.036  0.157  0.104  0.020  1.170  1.363  0.989  2.341
 121.00 -0.859 -0.575  0.107  0.079  0.070  0.065  1.104  1.221  1.039  2.302
 121.00 -0.828 -0.581  0.156  0.028  0.024  0.091  1.045  1.092  1.023  2.139
 121.00 -0.817 -0.570  0.127  0.021  0.002  0.076  1.019  1.043  1.004  2.052
 121.00 -0.819 -0.553  0.099  0.016  0.000  0.057  1.012  1.026  0.993  2.012
 122.00 -0.782 -0.582 -0.050  0.174  0.108  0.018  1.183  1.390  0.976  2.343
 122.00 -0.850 -0.576  0.087  0.108  0.080  0.053  1.127  1.267  1.030  2.329
 122.00 -0.828 -0.586  0.160  0.034  0.028  0.094  1.054  1.109  1.027  2.163
 122.00 -0.814 -0.578  0.134  0.025  0.001  0.079  1.021  1.049  1.007  2.063
 122.00 -0.816 -0.558  0.105  0.018 -0.003  0.060  1.012  1.028  0.994  2.016
 123.00 -0.760 -0.586 -0.063  0.192  0.112  0.017  1.193  1.412  0.962  2.337
 123.00 -0.835 -0.579  0.063  0.135  0.090  0.043  1.150  1.314  1.018  2.351
 123.00 -0.828 -0.590  0.164  0.044  0.033  0.097  1.066  1.129  1.030  2.191
 123.00 -0.811 -0.585  0.142  0.029  0.000  0.084  1.024  1.056  1.010  2.075
 123.00 -0.812 -0.565  0.112  0.021 -0.005  0.064  1.014  1.030  0.996  2.021
 124.00 -0.738 -0.590 -0.073  0.208  0.116  0.017  1.203  1.434  0.948  2.332
 124.00 -0.818 -0.583  0.040  0.163  0.101  0.036  1.172  1.359  1.005  2.370
 124.00 -0.827 -0.594  0.164  0.056  0.040  0.095  1.079  1.154  1.031  2.218
 124.00 -0.807 -0.590  0.150  0.032  0.000  0.090  1.026  1.060  1.011  2.083
 124.00 -0.809 -0.572  0.118  0.024 -0.008  0.068  1.015  1.031  0.997  2.026
 125.00 -0.718 -0.593 -0.083  0.223  0.119  0.018  1.215  1.460  0.935  2.334
 125.00 -0.796 -0.589  0.014  0.190  0.106  0.031  1.192  1.400  0.990  2.381
 125.00 -0.826 -0.601  0.161  0.075  0.047  0.091  1.096  1.188  1.034  2.257
 125.00 -0.804 -0.596  0.159  0.035  0.000  0.095  1.030  1.069  1.013  2.095
 125.00 -0.805 -0.578  0.124  0.028 -0.009  0.073  1.017  1.032  0.999  2.030
 126.00 -0.697 -0.594 -0.092  0.237  0.123  0.020  1.226  1.483  0.921  2.331
 126.00 -0.772 -0.596 -0.012  0.214  0.110  0.027  1.209  1.437  0.975  2.389
 126.00 -0.822 -0.605  0.151  0.095  0.056  0.080  1.112  1.218  1.032  2.283
 126.00 -0.800 -0.605  0.168  0.042  0.000  0.101  1.037  1.081  1.017  2.115
 126.00 -0.800 -0.586  0.130  0.032 -0.011  0.077  1.018  1.034  1.000  2.035
 127.00 -0.676 -0.593 -0.101  0.250  0.127  0.019  1.232  1.498  0.905  2.317
 127.00 -0.747 -0.602 -0.033  0.233  0.117  0.024  1.222  1.465  0.960  2.386
 127.00 -0.817 -0.607  0.133  0.122  0.065  0.069  1.132  1.260  1.026  2.313
 127.00 -0.795 -0.614  0.177  0.047  0.003  0.105  1.042  1.091  1.020  2.132
 127.00 -0.795 -0.595  0.139  0.037 -0.013  0.083  1.021  1.039  1.003  2.044
 128.00 -0.657 -0.592 -0.109  0.260  0.130  0.016  1.238  1.511  0.891  2.305
 128.00 -0.723 -0.606 -0.050  0.253  0.124  0.021  1.236  1.497  0.945  2.390
 128.00 -0.808 -0.607  0.111  0.152  0.078  0.058  1.156  1.309  1.017  2.343
 128.00 -0.792 -0.621  0.183  0.054  0.007  0.107  1.051  1.105  1.023  2.151
 128.00 -0.789 -0.605  0.148  0.042 -0.014  0.089  1.024  1.044  1.005  2.054
 129.00 -0.639 -0.592 -0.116  0.270  0.132  0.018  1.246  1.529  0.879  2.301
 129.00 -0.698 -0.609 -0.061  0.272  0.130  0.025  1.248  1.524  0.928  2.386
 129.00 -0.793 -0.609  0.084  0.185  0.090  0.044  1.181  1.363  1.004  2.370
 129.00 -0.792 -0.625  0.186  0.065  0.010  0.105  1.062  1.123  1.026  2.175
 129.00 -0.782 -0.615  0.156  0.047 -0.014  0.093  1.027  1.049  1.007  2.063
 130.00 -0.622 -0.591 -0.121  0.278  0.133  0.020  1.252  1.542  0.867  2.294
 130.00 -0.675 -0.611 -0.072  0.290  0.134  0.028  1.260  1.554  0.913  2.388
 130.00 -0.775 -0.612  0.054  0.215  0.101  0.033  1.205  1.414  0.989  2.391
 130.00 -0.793 -0.629  0.189  0.080  0.016  0.102  1.078  1.151  1.030  2.212
 130.00 -0.775 -0.625  0.163  0.053 -0.014  0.098  1.030  1.055  1.009  2.074
 131.00 -0.606 -0.590 -0.125  0.285  0.134  0.021  1.256  1.551  0.855  2.282
 131.00 -0.652 -0.613 -0.084  0.306  0.138  0.028  1.270  1.576  0.898  2.383
 131.00 -0.755 -0.614  0.026  0.246  0.112  0.023  1.225  1.459  0.974  2.407
 131.00 -0.793 -0.633  0.185  0.098  0.023  0.096  1.101  1.192  1.031  2.256
 131.00 -0.771 -0.636  0.172  0.059 -0.015  0.103  1.035  1.060  1.014  2.089
 132.00 -0.593 -0.588 -0.130  0.291  0.135  0.021  1.257  1.555  0.845  2.269
 132.00 -0.629 -0.613 -0.093  0.318  0.141  0.028  1.277  1.592  0.883  2.372
 132.00 -0.734 -0.617  0.000  0.270  0.123  0.017  1.240  1.497  0.959  2.416
 132.00 -0.789 -0.635  0.174  0.127  0.034  0.080  1.127  1.243  1.028  2.299
 132.00 -0.768 -0.646  0.179  0.067 -0.018  0.103  1.039  1.064  1.019  2.102
 133.00 -0.580 -0.586 -0.134  0.297  0.136  0.020  1.258  1.559  0.836  2.257
 133.00 -0.605 -0.614 -0.101  0.330  0.144  0.028  1.284  1.609  0.868  2.362
 133.00 -0.712 -0.624 -0.023  0.291  0.130  0.018  1.253  1.529  0.947  2.426
 133.00 -0.784 -0.631  0.158  0.159  0.050  0.064  1.151  1.291  1.019  2.329
 133.00 -0.764 -0.650  0.187  0.071 -0.016  0.102  1.043  1.063  1.020  2.104
 134.00 -0.569 -0.583 -0.139  0.302  0.137  0.020  1.259  1.560  0.826  2.243
 134.00 -0.581 -0.614 -0.109  0.343  0.147  0.028  1.292  1.627  0.853  2.355
 134.00 -0.689 -0.631 -0.042  0.306  0.135  0.017  1.261  1.552  0.935  2.426
 134.00 -0.777 -0.627  0.135  0.192  0.073  0.049  1.174  1.340  1.007  2.355
 134.00 -0.768 -0.657  0.194  0.079 -0.009  0.106  1.056  1.083  1.029  2.143
 135.00 -0.559 -0.580 -0.145  0.306  0.139  0.018  1.260  1.564  0.819  2.234
 135.00 -0.558 -0.613 -0.114  0.354  0.149  0.028  1.297  1.639  0.837  2.340
 135.00 -0.666 -0.638 -0.059  0.320  0.141  0.019  1.270  1.577  0.924  2.431
 135.00 -0.769 -0.631  0.104  0.229  0.092  0.036  1.205  1.406  1.001  2.408
 135.00 -0.770 -0.663  0.200  0.093  0.000  0.105  1.072  1.107  1.036  2.180
 136.00 -0.551 -0.575 -0.151  0.307  0.140  0.016  1.260  1.564  0.811  2.222
 136.00 -0.537 -0.612 -0.119  0.364  0.152  0.030  1.303  1.653  0.823  2.331
 136.00 -0.642 -0.644 -0.073  0.333  0.145  0.021  1.280  1.601  0.912  2.433
 136.00 -0.752 -0.632  0.069  0.264  0.109  0.018  1.223  1.449  0.985  2.419
 136.00 -0.766 -0.663  0.204  0.113  0.010  0.099  1.086  1.134  1.033  2.202
 137.00 -0.544 -0.571 -0.156  0.307  0.141  0.016  1.260  1.564  0.804  2.210
 137.00 -0.516 -0.610 -0.122  0.375  0.154  0.035  1.307  1.664  0.808  2.317
 137.00 -0.616 -0.647 -0.086  0.346  0.149  0.019  1.290  1.624  0.898  2.430
 137.00 -0.732 -0.636  0.037  0.292  0.120  0.014  1.236  1.483  0.970  2.424
 137.00 -0.764 -0.663  0.204  0.139  0.023  0.090  1.112  1.186  1.032  2.251
 138.00 -0.536 -0.567 -0.160  0.308  0.142  0.015  1.260  1.564  0.797  2.199
 138.00 -0.497 -0.607 -0.124  0.383  0.156  0.039  1.312  1.676  0.794  2.307
 138.00 -0.591 -0.646 -0.098  0.361  0.153  0.022  1.299  1.645  0.881  2.421
 138.00 -0.714 -0.649  0.009  0.315  0.125  0.013  1.252  1.523  0.965  2.454
 138.00 -0.760 -0.661  0.195  0.170  0.038  0.077  1.140  1.244  1.026  2.296
 139.00 -0.528 -0.563 -0.162  0.307  0.143  0.015  1.258  1.561  0.789  2.183
 139.00 -0.482 -0.602 -0.125  0.387  0.158  0.039  1.315  1.684  0.781  2.295
 139.00 -0.567 -0.644 -0.108  0.376  0.158  0.024  1.308  1.665  0.864  2.412
 139.00 -0.694 -0.660 -0.018  0.329  0.131  0.013  1.259  1.550  0.958  2.468
 139.00 -0.753 -0.659  0.179  0.203  0.055  0.060  1.164  1.301  1.017  2.335
 140.00 -0.522 -0.559 -0.164  0.306  0.143  0.015  1.255  1.556  0.782  2.167
 140.00 -0.470 -0.594 -0.127  0.390  0.160  0.039  1.316  1.686  0.768  2.277
 140.00 -0.541 -0.642 -0.117  0.387  0.160  0.024  1.315  1.680  0.847  2.399
 140.00 -0.677 -0.670 -0.043  0.338  0.136  0.016  1.268  1.574  0.953  2.483
 140.00 -0.742 -0.659  0.154  0.234  0.072  0.041  1.186  1.357  1.004  2.365
 141.00 -0.517 -0.554 -0.167  0.306  0.144  0.012  1.250  1.549  0.776  2.152
 141.00 -0.462 -0.587 -0.130  0.391  0.160  0.041  1.317  1.691  0.758  2.266
 141.00 -0.516 -0.640 -0.125  0.399  0.160  0.026  1.322  1.693  0.832  2.385
 141.00 -0.657 -0.674 -0.067  0.344  0.140  0.020  1.271  1.585  0.943  2.474
 141.00 -0.732 -0.664  0.124  0.265  0.087  0.032  1.212  1.428  0.996  2.421
 142.00 -0.516 -0.548 -0.170  0.304  0.145  0.009  1.245  1.540  0.772  2.135
 142.00 -0.453 -0.581 -0.136  0.393  0.159  0.039  1.320  1.696  0.749  2.258
 142.00 -0.494 -0.639 -0.129  0.407  0.160  0.033  1.328  1.710  0.818  2.378
 142.00 -0.631 -0.678 -0.086  0.357  0.144  0.018  1.281  1.610  0.930  2.475
 142.00 -0.715 -0.666  0.091  0.293  0.102  0.020  1.225  1.474  0.981  2.437
 143.00 -0.517 -0.542 -0.173  0.300  0.146  0.008  1.239  1.529  0.768  2.120
 143.00 -0.443 -0.576 -0.142  0.397  0.159  0.037  1.321  1.697  0.740  2.245
 143.00 -0.470 -0.636 -0.133  0.414  0.161  0.036  1.332  1.720  0.802  2.363
 143.00 -0.603 -0.680 -0.102  0.370  0.149  0.021  1.296  1.644  0.915  2.481
 143.00 -0.696 -0.671  0.060  0.317  0.112  0.013  1.234  1.510  0.969  2.449
 144.00 -0.519 -0.538 -0.179  0.297  0.147  0.005  1.233  1.519  0.769  2.110
 144.00 -0.433 -0.571 -0.148  0.399  0.159  0.039  1.321  1.696  0.732  2.232
 144.00 -0.448 -0.632 -0.134  0.424  0.163  0.039  1.338  1.735  0.786  2.353
 144.00 -0.575 -0.678 -0.117  0.378  0.154  0.022  1.307  1.672  0.896  2.475
 144.00 -0.682 -0.683  0.025  0.333  0.120  0.007  1.247  1.551  0.966  2.483
 145.00 -0.524 -0.534 -0.186  0.289  0.148  0.003  1.224  1.500  0.771  2.094
 145.00 -0.426 -0.567 -0.152  0.398  0.160  0.039  1.321  1.695  0.725  2.221
 145.00 -0.428 -0.627 -0.134  0.431  0.166  0.044  1.342  1.749  0.771  2.343
 145.00 -0.547 -0.673 -0.129  0.391  0.156  0.023  1.316  1.696  0.877  2.465
 145.00 -0.668 -0.690 -0.007  0.343  0.129  0.005  1.254  1.575  0.961  2.498
 146.00 -0.530 -0.530 -0.197  0.276  0.149 -0.002  1.210  1.472  0.774  2.072
 146.00 -0.417 -0.563 -0.155  0.400  0.161  0.040  1.319  1.692  0.717  2.207
 146.00 -0.412 -0.620 -0.133  0.438  0.168  0.046  1.344  1.754  0.756  2.326
 146.00 -0.518 -0.668 -0.138  0.400  0.155  0.025  1.324  1.712  0.856  2.445
 146.00 -0.656 -0.695 -0.036  0.356  0.135  0.008  1.262  1.594  0.957  2.509
 147.00 -0.536 -0.526 -0.206  0.267  0.149 -0.006  1.203  1.459  0.779  2.066
 147.00 -0.409 -0.557 -0.155  0.400  0.162  0.042  1.315  1.685  0.708  2.186
 147.00 -0.400 -0.614 -0.132  0.444  0.169  0.046  1.345  1.756  0.744  2.310
 147.00 -0.492 -0.663 -0.146  0.405  0.156  0.027  1.335  1.734  0.838  2.437
 147.00 -0.639 -0.699 -0.063  0.363  0.144  0.011  1.267  1.608  0.949  2.509
 148.00 -0.543 -0.524 -0.212  0.255  0.150 -0.009  1.197  1.446  0.784  2.060
 148.00 -0.401 -0.552 -0.154  0.402  0.164  0.043  1.314  1.688  0.699  2.177
 148.00 -0.391 -0.606 -0.134  0.447  0.170  0.046  1.343  1.753  0.733  2.291
 148.00 -0.464 -0.657 -0.149  0.410  0.156  0.031  1.344  1.754  0.818  2.424
 148.00 -0.618 -0.705 -0.086  0.371  0.148  0.013  1.275  1.626  0.941  2.512
 149.00 -0.552 -0.522 -0.219  0.237  0.150 -0.020  1.181  1.413  0.790  2.038
 149.00 -0.392 -0.544 -0.151  0.405  0.168  0.048  1.310  1.685  0.687  2.158
 149.00 -0.386 -0.599 -0.138  0.450  0.172  0.045  1.345  1.755  0.726  2.281
 149.00 -0.435 -0.652 -0.151  0.420  0.157  0.034  1.348  1.768  0.798  2.405
 149.00 -0.592 -0.707 -0.105  0.380  0.151  0.017  1.284  1.641  0.928  2.503
 150.00 -0.565 -0.522 -0.228  0.216  0.149 -0.034  1.168  1.380  0.802  2.023
 150.00 -0.384 -0.535 -0.150  0.405  0.172  0.052  1.306  1.681  0.675  2.136
 150.00 -0.380 -0.592 -0.142  0.454  0.174  0.044  1.344  1.752  0.718  2.267
 150.00 -0.408 -0.648 -0.149  0.430  0.158  0.036  1.350  1.775  0.780  2.384
 150.00 -0.566 -0.706 -0.123  0.387  0.152  0.018  1.295  1.662  0.913  2.496
 151.00 -0.581 -0.525 -0.232  0.194  0.139 -0.037  1.159  1.354  0.817  2.021
 151.00 -0.378 -0.527 -0.151  0.396  0.172  0.054  1.306  1.688  0.666  2.131
 151.00 -0.375 -0.585 -0.147  0.456  0.173  0.043  1.343  1.746  0.710  2.250
 151.00 -0.384 -0.647 -0.145  0.439  0.160  0.041  1.350  1.782  0.766  2.369
 151.00 -0.540 -0.701 -0.138  0.391  0.156  0.020  1.309  1.690  0.896  2.493
 152.00 -0.599 -0.526 -0.242  0.165  0.130 -0.051  1.142  1.311  0.833  2.005
 152.00 -0.374 -0.519 -0.153  0.398  0.174  0.057  1.308  1.692  0.658  2.126
 152.00 -0.368 -0.579 -0.152  0.458  0.173  0.042  1.340  1.743  0.703  2.237
 152.00 -0.364 -0.645 -0.140  0.445  0.162  0.045  1.350  1.785  0.753  2.352
 152.00 -0.512 -0.693 -0.150  0.395  0.158  0.023  1.320  1.718  0.875  2.483
 153.00 -0.619 -0.526 -0.258  0.140  0.123 -0.073  1.123  1.270  0.852  1.995
 153.00 -0.374 -0.508 -0.153  0.397  0.179  0.060  1.291  1.664  0.649  2.085
 153.00 -0.361 -0.574 -0.155  0.459  0.173  0.043  1.338  1.743  0.695  2.226
 153.00 -0.349 -0.640 -0.137  0.451  0.164  0.047  1.354  1.793  0.742  2.343
 153.00 -0.483 -0.684 -0.160  0.399  0.158  0.024  1.328  1.742  0.853  2.470
 154.00 -0.639 -0.526 -0.267  0.112  0.116 -0.083  1.099  1.224  0.869  1.979
 154.00 -0.381 -0.500 -0.154  0.390  0.182  0.061  1.276  1.629  0.647  2.048
 154.00 -0.350 -0.567 -0.156  0.459  0.175  0.039  1.334  1.737  0.684  2.206
 154.00 -0.336 -0.633 -0.137  0.458  0.165  0.049  1.354  1.795  0.729  2.327
 154.00 -0.453 -0.678 -0.167  0.403  0.155  0.026  1.335  1.765  0.832  2.458
 155.00 -0.661 -0.529 -0.273  0.079  0.099 -0.096  1.072  1.170  0.889  1.961
 155.00 -0.395 -0.496 -0.160  0.379  0.185  0.056  1.270  1.613  0.654  2.041
 155.00 -0.337 -0.560 -0.154  0.459  0.176  0.039  1.332  1.736  0.672  2.187
 155.00 -0.326 -0.624 -0.140  0.460  0.167  0.048  1.354  1.793  0.718  2.308
 155.00 -0.421 -0.672 -0.171  0.409  0.153  0.028  1.341  1.780  0.811  2.438
 156.00 -0.685 -0.535 -0.281  0.049  0.084 -0.115  1.044  1.116  0.913  1.949
 156.00 -0.411 -0.495 -0.169  0.358  0.187  0.045  1.259  1.584  0.665  2.027
 156.00 -0.325 -0.552 -0.148  0.460  0.179  0.043  1.331  1.748  0.658  2.181
 156.00 -0.320 -0.615 -0.147  0.462  0.168  0.049  1.360  1.801  0.709  2.304
 156.00 -0.389 -0.665 -0.172  0.417  0.150  0.028  1.344  1.787  0.790  2.411
 157.00 -0.708 -0.544 -0.283  0.026  0.068 -0.130  1.013  1.056  0.936  1.932
 157.00 -0.431 -0.497 -0.181  0.338  0.182  0.032  1.237  1.550  0.682  2.015
 157.00 -0.312 -0.542 -0.141  0.457  0.179  0.047  1.326  1.747  0.641  2.157
 157.00 -0.314 -0.604 -0.156  0.465  0.168  0.049  1.362  1.798  0.698  2.286
 157.00 -0.361 -0.661 -0.169  0.426  0.148  0.032  1.347  1.795  0.772  2.391
 158.00 -0.726 -0.553 -0.293  0.001  0.052 -0.139  0.979  0.994  0.959  1.914
 158.00 -0.451 -0.497 -0.192  0.313  0.179  0.021  1.223  1.517  0.698  2.005
 158.00 -0.300 -0.532 -0.134  0.454  0.180  0.051  1.325  1.748  0.625  2.139
 158.00 -0.310 -0.592 -0.166  0.467  0.168  0.049  1.360  1.786  0.689  2.260
 158.00 -0.338 -0.656 -0.164  0.431  0.148  0.037  1.349  1.801  0.756  2.373
 159.00 -0.740 -0.560 -0.306 -0.032  0.032 -0.141  0.954  0.948  0.977  1.903
 159.00 -0.469 -0.498 -0.207  0.289  0.179  0.008  1.213  1.491  0.715  2.002
 159.00 -0.293 -0.521 -0.126  0.448  0.182  0.056  1.322  1.753  0.611  2.127
 159.00 -0.308 -0.585 -0.174  0.465  0.170  0.049  1.359  1.777  0.683  2.244
 159.00 -0.318 -0.653 -0.160  0.436  0.149  0.040  1.354  1.806  0.744  2.359
 160.00 -0.755 -0.566 -0.304 -0.040  0.014 -0.155  0.947  0.917  0.991  1.900
 160.00 -0.486 -0.499 -0.223  0.261  0.175 -0.011  1.196  1.445  0.731  1.980
 160.00 -0.289 -0.510 -0.121  0.449  0.185  0.063  1.310  1.761  0.599  2.119
 160.00 -0.307 -0.579 -0.179  0.462  0.171  0.049  1.357  1.766  0.679  2.227
 160.00 -0.303 -0.649 -0.155  0.441  0.149  0.042  1.353  1.806  0.733  2.343
 161.00 -0.758 -0.570 -0.297 -0.037  0.012 -0.163  0.933  0.883  0.994  1.871
 161.00 -0.505 -0.500 -0.236  0.233  0.169 -0.032  1.181  1.404  0.749  1.965
 161.00 -0.287 -0.500 -0.120  0.445  0.187  0.065  1.300  1.757  0.589  2.103
 161.00 -0.302 -0.576 -0.180  0.459  0.172  0.051  1.356  1.751  0.675  2.207
 161.00 -0.292 -0.644 -0.150  0.445  0.150  0.049  1.354  1.803  0.723  2.325
 162.00 -0.754 -0.574 -0.293 -0.025  0.015 -0.153  0.921  0.863  0.992  1.848
 162.00 -0.531 -0.504 -0.249  0.193  0.159 -0.048  1.165  1.353  0.773  1.952
 162.00 -0.293 -0.490 -0.119  0.436  0.191  0.063  1.291  1.751  0.583  2.090
 162.00 -0.293 -0.576 -0.177  0.460  0.173  0.054  1.351  1.739  0.670  2.188
 162.00 -0.284 -0.639 -0.149  0.449  0.153  0.052  1.356  1.803  0.715  2.314
 163.00 -0.757 -0.580 -0.296 -0.026  0.006 -0.146  0.934  0.882  0.998  1.879
 163.00 -0.562 -0.518 -0.263  0.158  0.133 -0.068  1.147  1.302  0.808  1.956
 163.00 -0.304 -0.481 -0.120  0.424  0.192  0.063  1.281  1.738  0.581  2.075
 163.00 -0.278 -0.574 -0.170  0.462  0.176  0.056  1.342  1.731  0.660  2.166
 163.00 -0.278 -0.632 -0.152  0.455  0.157  0.055  1.356  1.799  0.707  2.299
 164.00 -0.755 -0.573 -0.292 -0.022 -0.001 -0.138  0.930  0.877  0.992  1.861
 164.00 -0.597 -0.534 -0.277  0.109  0.117 -0.088  1.115  1.236  0.848  1.955
 164.00 -0.319 -0.480 -0.126  0.412  0.187  0.055  1.283  1.733  0.590  2.081
 164.00 -0.264 -0.570 -0.160  0.462  0.179  0.059  1.337  1.727  0.649  2.148
 164.00 -0.273 -0.624 -0.158  0.460  0.161  0.057  1.353  1.786  0.699  2.275
 165.00 -0.757 -0.568 -0.278 -0.013  0.001 -0.134  0.920  0.861  0.987  1.835
 165.00 -0.635 -0.536 -0.291  0.054  0.089 -0.116  1.063  1.133  0.881  1.909
 165.00 -0.337 -0.482 -0.134  0.398  0.184  0.050  1.283  1.710  0.603  2.073
 165.00 -0.251 -0.565 -0.146  0.464  0.181  0.062  1.331  1.724  0.635  2.127
 165.00 -0.270 -0.616 -0.165  0.464  0.165  0.058  1.351  1.772  0.693  2.253
 166.00 -0.760 -0.572 -0.273 -0.014  0.003 -0.128  0.924  0.870  0.990  1.850
 166.00 -0.669 -0.537 -0.302  0.019  0.059 -0.145  1.016  1.047  0.910  1.875
 166.00 -0.355 -0.481 -0.142  0.378  0.187  0.038  1.265  1.650  0.615  2.028
 166.00 -0.237 -0.555 -0.132  0.471  0.187  0.063  1.321  1.723  0.618  2.105
 166.00 -0.269 -0.611 -0.172  0.466  0.169  0.058  1.348  1.760  0.689  2.235
 167.00 -0.756 -0.566 -0.272 -0.017  0.000 -0.122  0.927  0.875  0.983  1.841
 167.00 -0.699 -0.550 -0.307  0.007  0.041 -0.148  0.991  1.001  0.941  1.887
 167.00 -0.375 -0.484 -0.155  0.352  0.192  0.017  1.250  1.596  0.632  1.995
 167.00 -0.226 -0.539 -0.120  0.481  0.193  0.069  1.314  1.735  0.596  2.091
 167.00 -0.269 -0.607 -0.178  0.471  0.172  0.059  1.345  1.751  0.688  2.224
 168.00 -0.755 -0.561 -0.266 -0.014 -0.005 -0.118  0.934  0.881  0.977  1.837
 168.00 -0.721 -0.566 -0.315  0.009  0.044 -0.147  0.973  0.965  0.969  1.904
 168.00 -0.402 -0.493 -0.172  0.323  0.186  0.006  1.238  1.572  0.659  2.006
 168.00 -0.225 -0.518 -0.112  0.483  0.199  0.070  1.308  1.739  0.576  2.071
 168.00 -0.268 -0.604 -0.182  0.474  0.173  0.060  1.343  1.747  0.685  2.217
 169.00 -0.755 -0.559 -0.258 -0.005 -0.003 -0.122  0.935  0.881  0.974  1.830
 169.00 -0.728 -0.574 -0.321 -0.005  0.044 -0.147  0.963  0.940  0.981  1.903
 169.00 -0.429 -0.500 -0.192  0.288  0.174 -0.004  1.214  1.530  0.686  2.000
 169.00 -0.232 -0.502 -0.106  0.480  0.203  0.069  1.307  1.752  0.564  2.070
 169.00 -0.263 -0.596 -0.181  0.474  0.176  0.061  1.336  1.729  0.676  2.187
 170.00 -0.750 -0.558 -0.250  0.000  0.001 -0.125  0.931  0.874  0.967  1.809
 170.00 -0.730 -0.572 -0.314 -0.002  0.035 -0.140  0.959  0.929  0.980  1.889
 170.00 -0.453 -0.500 -0.208  0.255  0.168 -0.022  1.174  1.442  0.706  1.941
 170.00 -0.248 -0.492 -0.105  0.469  0.203  0.069  1.305  1.770  0.561  2.085
 170.00 -0.256 -0.590 -0.175  0.477  0.180  0.063  1.334  1.717  0.667  2.161
 171.00 -0.746 -0.554 -0.245  0.004 -0.004 -0.116  0.933  0.879  0.961  1.803
 171.00 -0.739 -0.569 -0.314 -0.002  0.025 -0.134  0.964  0.937  0.984  1.906
 171.00 -0.487 -0.505 -0.219  0.210  0.157 -0.047  1.128  1.340  0.735  1.880
 171.00 -0.267 -0.482 -0.109  0.455  0.202  0.064  1.293  1.756  0.561  2.071
 171.00 -0.247 -0.586 -0.165  0.481  0.186  0.067  1.334  1.711  0.657  2.142
 172.00 -0.747 -0.551 -0.242  0.002 -0.008 -0.106  0.943  0.899  0.959  1.819
 172.00 -0.744 -0.562 -0.314 -0.011  0.023 -0.140  0.950  0.915  0.984  1.883
 172.00 -0.534 -0.522 -0.233  0.166  0.136 -0.066  1.111  1.297  0.782  1.908
 172.00 -0.288 -0.471 -0.116  0.437  0.196  0.058  1.270  1.692  0.564  2.010
 172.00 -0.234 -0.579 -0.153  0.481  0.192  0.070  1.331  1.703  0.643  2.116
 173.00 -0.744 -0.545 -0.237 -0.002 -0.008 -0.100  0.947  0.910  0.953  1.818
 173.00 -0.746 -0.561 -0.305 -0.016  0.021 -0.144  0.934  0.888  0.982  1.853
 173.00 -0.575 -0.525 -0.251  0.115  0.107 -0.085  1.080  1.229  0.818  1.897
 173.00 -0.312 -0.474 -0.123  0.422  0.189  0.054  1.260  1.660  0.581  1.998
 173.00 -0.221 -0.571 -0.139  0.483  0.194  0.071  1.329  1.699  0.628  2.093
 174.00 -0.741 -0.540 -0.227  0.006 -0.012 -0.102  0.946  0.909  0.944  1.801
 174.00 -0.749 -0.564 -0.304 -0.022  0.012 -0.142  0.927  0.874  0.985  1.845
 174.00 -0.611 -0.527 -0.266  0.087  0.092 -0.113  1.047  1.162  0.849  1.884
 174.00 -0.334 -0.479 -0.130  0.395  0.185  0.042  1.249  1.625  0.598  1.983
 174.00 -0.211 -0.560 -0.126  0.485  0.197  0.074  1.325  1.704  0.611  2.077
 175.00 -0.740 -0.539 -0.219  0.009 -0.012 -0.104  0.947  0.911  0.941  1.796
 175.00 -0.751 -0.561 -0.305 -0.020 -0.003 -0.140  0.919  0.860  0.986  1.833
 175.00 -0.653 -0.543 -0.272  0.062  0.083 -0.126  1.028  1.121  0.891  1.916
 175.00 -0.352 -0.481 -0.142  0.362  0.179  0.032  1.236  1.585  0.613  1.961
 175.00 -0.202 -0.545 -0.113  0.485  0.199  0.076  1.316  1.707  0.592  2.058
 176.00 -0.739 -0.537 -0.214  0.009 -0.013 -0.096  0.949  0.913  0.938  1.793
 176.00 -0.751 -0.560 -0.297 -0.020 -0.011 -0.134  0.918  0.857  0.983  1.823
 176.00 -0.690 -0.556 -0.280  0.035  0.066 -0.136  1.009  1.079  0.930  1.943
 176.00 -0.369 -0.487 -0.150  0.334  0.168  0.028  1.218  1.541  0.629  1.937
 176.00 -0.200 -0.529 -0.107  0.482  0.197  0.074  1.312  1.717  0.576  2.049
 177.00 -0.737 -0.536 -0.208  0.008 -0.013 -0.092  0.951  0.917  0.935  1.790
 177.00 -0.748 -0.561 -0.285 -0.011 -0.013 -0.131  0.921  0.862  0.978  1.818
 177.00 -0.705 -0.550 -0.295  0.019  0.049 -0.145  0.993  1.021  0.942  1.908
 177.00 -0.391 -0.493 -0.155  0.294  0.156  0.011  1.188  1.473  0.648  1.893
 177.00 -0.203 -0.514 -0.105  0.475  0.194  0.074  1.304  1.721  0.563  2.037
 178.00 -0.734 -0.533 -0.203  0.009 -0.016 -0.091  0.952  0.918  0.930  1.783
 178.00 -0.735 -0.554 -0.272 -0.003 -0.010 -0.133  0.918  0.853  0.960  1.774
 178.00 -0.712 -0.544 -0.298  0.017  0.037 -0.142  0.992  0.991  0.945  1.884
 178.00 -0.417 -0.500 -0.169  0.252  0.150 -0.004  1.162  1.424  0.673  1.877
 178.00 -0.213 -0.501 -0.104  0.455  0.193  0.073  1.290  1.704  0.554  2.011
 179.00 -0.733 -0.530 -0.195  0.013 -0.018 -0.093  0.951  0.914  0.925  1.770
 179.00 -0.732 -0.552 -0.255  0.001 -0.010 -0.131  0.930  0.871  0.951  1.776
 179.00 -0.722 -0.549 -0.296  0.015  0.034 -0.137  0.994  0.989  0.954  1.898
 179.00 -0.451 -0.505 -0.195  0.220  0.130 -0.022  1.148  1.398  0.705  1.895
 179.00 -0.231 -0.495 -0.108  0.439  0.188  0.068  1.288  1.709  0.557  2.018
 180.00 -0.734 -0.531 -0.185  0.015 -0.018 -0.092  0.953  0.917  0.924  1.771
 180.00 -0.735 -0.551 -0.248 -0.003 -0.009 -0.110  0.944  0.904  0.951  1.810
 180.00 -0.720 -0.548 -0.292  0.011  0.027 -0.143  0.985  0.971  0.950  1.874
 180.00 -0.487 -0.504 -0.219  0.182  0.109 -0.051  1.115  1.337  0.734  1.876
 180.00 -0.250 -0.491 -0.113  0.421  0.180  0.064  1.280  1.691  0.563  2.007
 181.00 -0.734 -0.533 -0.180  0.012 -0.017 -0.084  0.958  0.923  0.925  1.778
 181.00 -0.732 -0.543 -0.242  0.004 -0.006 -0.108  0.946  0.912  0.943  1.800
 181.00 -0.715 -0.543 -0.292  0.003  0.021 -0.144  0.972  0.945  0.944  1.837
 181.00 -0.523 -0.502 -0.234  0.146  0.101 -0.076  1.072  1.256  0.762  1.836
 181.00 -0.269 -0.489 -0.120  0.397  0.174  0.060  1.264  1.648  0.570  1.973
 182.00 -0.732 -0.532 -0.176  0.013 -0.016 -0.084  0.957  0.923  0.922  1.773
 182.00 -0.731 -0.535 -0.232  0.020 -0.005 -0.108  0.947  0.914  0.935  1.788
 182.00 -0.714 -0.539 -0.299 -0.012  0.017 -0.143  0.959  0.916  0.944  1.806
 182.00 -0.571 -0.512 -0.244  0.119  0.099 -0.097  1.058  1.212  0.805  1.860
 182.00 -0.291 -0.491 -0.128  0.375  0.165  0.054  1.255  1.621  0.584  1.963
 183.00 -0.732 -0.528 -0.168  0.017 -0.018 -0.086  0.956  0.921  0.918  1.764
 183.00 -0.729 -0.530 -0.229  0.021 -0.004 -0.103  0.950  0.915  0.930  1.781
 183.00 -0.724 -0.545 -0.296 -0.017  0.007 -0.143  0.958  0.904  0.953  1.813
 183.00 -0.618 -0.523 -0.259  0.090  0.081 -0.109  1.036  1.161  0.850  1.884
 183.00 -0.316 -0.495 -0.138  0.354  0.155  0.041  1.250  1.604  0.604  1.968
 184.00 -0.734 -0.527 -0.162  0.018 -0.016 -0.083  0.959  0.924  0.919  1.768
 184.00 -0.730 -0.531 -0.226  0.008 -0.006 -0.100  0.957  0.918  0.931  1.784
 184.00 -0.730 -0.552 -0.283 -0.003  0.003 -0.138  0.953  0.894  0.958  1.812
 184.00 -0.633 -0.530 -0.272  0.082  0.068 -0.104  1.027  1.120  0.869  1.876
 184.00 -0.346 -0.498 -0.150  0.332  0.150  0.027  1.229  1.546  0.625  1.937
 185.00 -0.734 -0.527 -0.159  0.016 -0.014 -0.081  0.959  0.926  0.918  1.768
 185.00 -0.729 -0.532 -0.217  0.008 -0.007 -0.100  0.956  0.916  0.928  1.778
 185.00 -0.729 -0.551 -0.272 -0.003  0.000 -0.137  0.938  0.869  0.954  1.779
 185.00 -0.653 -0.529 -0.292  0.062  0.053 -0.121  1.013  1.087  0.890  1.880
 185.00 -0.373 -0.503 -0.158  0.305  0.148  0.023  1.215  1.507  0.645  1.923
 186.00 -0.731 -0.525 -0.155  0.015 -0.014 -0.082  0.958  0.923  0.913  1.757
 186.00 -0.726 -0.529 -0.206  0.014 -0.009 -0.103  0.948  0.900  0.922  1.749
 186.00 -0.732 -0.555 -0.265 -0.002 -0.001 -0.132  0.947  0.871  0.956  1.786
 186.00 -0.670 -0.530 -0.300  0.047  0.044 -0.129  1.003  1.061  0.905  1.881
 186.00 -0.397 -0.508 -0.169  0.282  0.142  0.009  1.200  1.466  0.667  1.911
 187.00 -0.732 -0.524 -0.150  0.015 -0.015 -0.081  0.959  0.925  0.913  1.759
 187.00 -0.730 -0.532 -0.200  0.016 -0.010 -0.098  0.953  0.904  0.925  1.760
 187.00 -0.735 -0.559 -0.263 -0.003  0.001 -0.118  0.954  0.882  0.960  1.803
 187.00 -0.684 -0.535 -0.298  0.032  0.038 -0.123  0.993  1.029  0.918  1.872
 187.00 -0.419 -0.514 -0.182  0.263  0.134 -0.011  1.187  1.432  0.688  1.905
 188.00 -0.736 -0.524 -0.145  0.014 -0.015 -0.076  0.961  0.930  0.915  1.767
 188.00 -0.733 -0.535 -0.195  0.016 -0.011 -0.090  0.959  0.914  0.929  1.776
 188.00 -0.732 -0.556 -0.258  0.003  0.002 -0.112  0.952  0.881  0.955  1.793
 188.00 -0.693 -0.538 -0.299  0.024  0.037 -0.135  0.978  0.990  0.927  1.849
 188.00 -0.440 -0.519 -0.190  0.241  0.126 -0.027  1.174  1.400  0.707  1.900
 189.00 -0.736 -0.522 -0.141  0.015 -0.016 -0.074  0.961  0.929  0.914  1.764
 189.00 -0.730 -0.534 -0.189  0.016 -0.010 -0.088  0.957  0.912  0.925  1.767
 189.00 -0.729 -0.549 -0.249  0.012  0.003 -0.113  0.947  0.876  0.946  1.771
 189.00 -0.697 -0.543 -0.301  0.020  0.031 -0.145  0.965  0.963  0.933  1.834
 189.00 -0.463 -0.522 -0.200  0.214  0.118 -0.045  1.155  1.360  0.726  1.886
 190.00 -0.735 -0.521 -0.135  0.016 -0.016 -0.075  0.958  0.926  0.911  1.756
 190.00 -0.728 -0.531 -0.183  0.017 -0.010 -0.087  0.955  0.907  0.920  1.753
 190.00 -0.730 -0.543 -0.240  0.020  0.004 -0.114  0.948  0.881  0.941  1.766
 190.00 -0.698 -0.550 -0.303  0.012  0.022 -0.143  0.956  0.943  0.939  1.825
 190.00 -0.489 -0.523 -0.212  0.187  0.111 -0.054  1.133  1.316  0.747  1.874
 191.00 -0.737 -0.520 -0.132  0.015 -0.016 -0.072  0.959  0.927  0.911  1.758
 191.00 -0.731 -0.528 -0.177  0.019 -0.009 -0.087  0.955  0.907  0.919  1.751
 191.00 -0.730 -0.541 -0.233  0.023  0.005 -0.110  0.951  0.890  0.938  1.770
 191.00 -0.703 -0.557 -0.301  0.008  0.013 -0.141  0.953  0.934  0.947  1.830
 191.00 -0.520 -0.524 -0.224  0.161  0.104 -0.060  1.109  1.269  0.771  1.863
 192.00 -0.739 -0.518 -0.129  0.014 -0.016 -0.070  0.961  0.930  0.912  1.762
 192.00 -0.735 -0.527 -0.170  0.022 -0.011 -0.084  0.958  0.913  0.920  1.759
 192.00 -0.730 -0.540 -0.229  0.019  0.004 -0.103  0.952  0.895  0.937  1.772
 192.00 -0.710 -0.554 -0.291  0.003  0.012 -0.142  0.941  0.917  0.946  1.811
 192.00 -0.554 -0.525 -0.238  0.135  0.095 -0.079  1.085  1.219  0.799  1.859
 193.00 -0.741 -0.515 -0.125  0.015 -0.018 -0.070  0.960  0.929  0.911  1.759
 193.00 -0.737 -0.524 -0.165  0.022 -0.011 -0.080  0.959  0.915  0.919  1.760
 193.00 -0.729 -0.534 -0.224  0.020  0.002 -0.104  0.948  0.891  0.931  1.758
 193.00 -0.716 -0.548 -0.279  0.001  0.008 -0.139  0.934  0.894  0.943  1.784
 193.00 -0.585 -0.528 -0.252  0.108  0.082 -0.101  1.062  1.172  0.827  1.856
 194.00 -0.742 -0.512 -0.122  0.015 -0.019 -0.070  0.959  0.928  0.910  1.755
 194.00 -0.737 -0.521 -0.162  0.021 -0.011 -0.079  0.957  0.913  0.917  1.754
 194.00 -0.729 -0.530 -0.217  0.022 -0.001 -0.103  0.948  0.890  0.927  1.750
 194.00 -0.720 -0.550 -0.271 -0.001  0.003 -0.132  0.938  0.896  0.946  1.790
 194.00 -0.610 -0.528 -0.263  0.078  0.063 -0.114  1.031  1.111  0.849  1.832
 195.00 -0.743 -0.512 -0.119  0.015 -0.019 -0.069  0.959  0.929  0.910  1.758
 195.00 -0.737 -0.519 -0.158  0.021 -0.012 -0.078  0.956  0.913  0.915  1.750
 195.00 -0.732 -0.530 -0.209  0.023 -0.004 -0.095  0.952  0.896  0.928  1.757
 195.00 -0.719 -0.546 -0.264  0.000 -0.004 -0.122  0.941  0.901  0.940  1.786
 195.00 -0.638 -0.533 -0.275  0.058  0.052 -0.130  1.004  1.058  0.875  1.823
 196.00 -0.745 -0.512 -0.117  0.015 -0.018 -0.066  0.960  0.930  0.911  1.761
 196.00 -0.738 -0.518 -0.153  0.021 -0.013 -0.076  0.958  0.917  0.915  1.754
 196.00 -0.733 -0.530 -0.201  0.020 -0.006 -0.087  0.952  0.900  0.926  1.758
 196.00 -0.719 -0.538 -0.252  0.006 -0.005 -0.118  0.944  0.907  0.932  1.776
 196.00 -0.663 -0.540 -0.285  0.033  0.042 -0.142  0.986  1.009  0.901  1.822
 197.00 -0.745 -0.511 -0.115  0.015 -0.018 -0.065  0.959  0.929  0.911  1.758
 197.00 -0.738 -0.517 -0.149  0.020 -0.013 -0.074  0.957  0.918  0.913  1.752
 197.00 -0.732 -0.527 -0.194  0.021 -0.007 -0.087  0.952  0.901  0.922  1.751
 197.00 -0.720 -0.534 -0.243  0.010 -0.001 -0.119  0.944  0.907  0.929  1.769
 197.00 -0.682 -0.543 -0.289  0.011  0.029 -0.151  0.967  0.964  0.918  1.807
 198.00 -0.745 -0.511 -0.112  0.015 -0.017 -0.065  0.959  0.929  0.910  1.758
 198.00 -0.737 -0.515 -0.145  0.019 -0.013 -0.074  0.957  0.919  0.911  1.749
 198.00 -0.732 -0.524 -0.186  0.022 -0.008 -0.087  0.951  0.901  0.919  1.746
 198.00 -0.723 -0.530 -0.241  0.015  0.000 -0.113  0.943  0.904  0.928  1.766
 198.00 -0.695 -0.546 -0.288 -0.003  0.020 -0.153  0.949  0.922  0.930  1.787
 199.00 -0.746 -0.510 -0.110  0.015 -0.017 -0.064  0.959  0.930  0.910  1.758
 199.00 -0.738 -0.514 -0.141  0.018 -0.014 -0.073  0.958  0.921  0.910  1.750
 199.00 -0.734 -0.521 -0.181  0.023 -0.008 -0.084  0.951  0.903  0.918  1.747
 199.00 -0.726 -0.529 -0.237  0.016  0.003 -0.110  0.944  0.905  0.929  1.768
 199.00 -0.706 -0.549 -0.287  0.000  0.013 -0.153  0.934  0.890  0.940  1.773
 200.00 -0.746 -0.509 -0.107  0.013 -0.018 -0.063  0.960  0.931  0.910  1.759
 200.00 -0.739 -0.513 -0.138  0.018 -0.016 -0.070  0.958  0.923  0.910  1.752
 200.00 -0.737 -0.521 -0.176  0.024 -0.006 -0.082  0.952  0.906  0.919  1.751
 200.00 -0.728 -0.529 -0.228  0.020  0.009 -0.110  0.941  0.901  0.928  1.762
 200.00 -0.713 -0.550 -0.286  0.003  0.012 -0.141  0.925  0.869  0.945  1.763
 201.00 -0.747 -0.508 -0.106  0.013 -0.018 -0.062  0.960  0.932  0.910  1.760
 201.00 -0.741 -0.512 -0.135  0.018 -0.015 -0.068  0.957  0.924  0.910  1.752
 201.00 -0.737 -0.521 -0.170  0.026 -0.004 -0.083  0.949  0.903  0.919  1.747
 201.00 -0.729 -0.528 -0.220  0.025  0.011 -0.104  0.938  0.896  0.927  1.754
 201.00 -0.721 -0.553 -0.282  0.003  0.005 -0.134  0.929  0.868  0.952  1.774
 202.00 -0.748 -0.507 -0.104  0.012 -0.019 -0.060  0.959  0.933  0.910  1.760
 202.00 -0.742 -0.512 -0.131  0.019 -0.013 -0.068  0.955  0.922  0.911  1.752
 202.00 -0.737 -0.522 -0.163  0.029 -0.001 -0.084  0.946  0.900  0.918  1.742
 202.00 -0.732 -0.527 -0.213  0.030  0.009 -0.101  0.940  0.897  0.927  1.757
 202.00 -0.723 -0.551 -0.274 -0.002  0.000 -0.128  0.928  0.862  0.949  1.763
 203.00 -0.749 -0.507 -0.102  0.013 -0.018 -0.059  0.959  0.932  0.910  1.761
 203.00 -0.744 -0.513 -0.126  0.021 -0.011 -0.068  0.953  0.921  0.912  1.753
 203.00 -0.738 -0.524 -0.158  0.030  0.001 -0.081  0.946  0.901  0.919  1.745
 203.00 -0.733 -0.524 -0.207  0.027  0.005 -0.096  0.940  0.899  0.924  1.754
 203.00 -0.726 -0.547 -0.267  0.001 -0.002 -0.125  0.936  0.866  0.947  1.764
 204.00 -0.750 -0.507 -0.099  0.013 -0.017 -0.058  0.958  0.931  0.911  1.761
 204.00 -0.745 -0.515 -0.121  0.022 -0.009 -0.068  0.951  0.920  0.913  1.754
 204.00 -0.739 -0.524 -0.154  0.031  0.000 -0.079  0.947  0.904  0.919  1.749
 204.00 -0.731 -0.519 -0.201  0.024  0.002 -0.093  0.943  0.901  0.919  1.746
 204.00 -0.727 -0.546 -0.258  0.007 -0.003 -0.123  0.948  0.873  0.945  1.766
 205.00 -0.751 -0.507 -0.096  0.013 -0.015 -0.059  0.956  0.929  0.911  1.760
 205.00 -0.745 -0.516 -0.117  0.022 -0.007 -0.069  0.949  0.917  0.914  1.752
 205.00 -0.738 -0.521 -0.149  0.030  0.000 -0.078  0.947  0.904  0.916  1.743
 205.00 -0.731 -0.518 -0.192  0.024 -0.001 -0.093  0.948  0.906  0.916  1.745
 205.00 -0.724 -0.543 -0.250  0.015  0.002 -0.120  0.948  0.871  0.938  1.751
 206.00 -0.752 -0.508 -0.093  0.013 -0.014 -0.061  0.955  0.928  0.912  1.760
 206.00 -0.745 -0.516 -0.113  0.023 -0.006 -0.069  0.948  0.915  0.913  1.750
 206.00 -0.737 -0.518 -0.145  0.029 -0.001 -0.078  0.948  0.905  0.912  1.738
 206.00 -0.730 -0.519 -0.183  0.024 -0.002 -0.093  0.950  0.907  0.914  1.743
 206.00 -0.724 -0.539 -0.243  0.018  0.007 -0.117  0.953  0.873  0.935  1.747
 207.00 -0.753 -0.509 -0.090  0.014 -0.012 -0.060  0.954  0.928  0.913  1.762
 207.00 -0.746 -0.515 -0.110  0.023 -0.007 -0.066  0.949  0.916  0.913  1.750
 207.00 -0.737 -0.518 -0.142  0.026 -0.002 -0.074  0.952  0.912  0.912  1.744
 207.00 -0.730 -0.520 -0.173  0.026 -0.004 -0.092  0.951  0.908  0.913  1.742
 207.00 -0.724 -0.534 -0.238  0.017  0.005 -0.112  0.956  0.880  0.930  1.745
 208.00 -0.754 -0.509 -0.087  0.014 -0.011 -0.058  0.954  0.928  0.914  1.763
 208.00 -0.747 -0.514 -0.107  0.021 -0.007 -0.064  0.951  0.919  0.913  1.753
 208.00 -0.738 -0.517 -0.137  0.024 -0.004 -0.072  0.953  0.916  0.911  1.746
 208.00 -0.731 -0.520 -0.167  0.026 -0.003 -0.087  0.952  0.908  0.912  1.741
 208.00 -0.722 -0.529 -0.231  0.019  0.003 -0.112  0.958  0.884  0.924  1.738
 209.00 -0.755 -0.507 -0.085  0.014 -0.010 -0.058  0.954  0.927  0.914  1.761
 209.00 -0.747 -0.512 -0.105  0.019 -0.008 -0.063  0.952  0.921  0.912  1.752
 209.00 -0.738 -0.516 -0.132  0.024 -0.005 -0.072  0.952  0.916  0.910  1.744
 209.00 -0.733 -0.518 -0.164  0.026 -0.004 -0.086  0.953  0.910  0.913  1.742
 209.00 -0.721 -0.527 -0.221  0.025  0.005 -0.112  0.959  0.887  0.920  1.734
 210.00 -0.755 -0.506 -0.083  0.012 -0.011 -0.058  0.954  0.927  0.913  1.761
 210.00 -0.747 -0.511 -0.103  0.016 -0.009 -0.062  0.954  0.924  0.911  1.754
 210.00 -0.740 -0.514 -0.127  0.025 -0.007 -0.073  0.952  0.915  0.910  1.743
 210.00 -0.734 -0.516 -0.159  0.026 -0.004 -0.085  0.952  0.908  0.911  1.739
 210.00 -0.721 -0.524 -0.213  0.027  0.005 -0.108  0.959  0.889  0.917  1.729
 211.00 -0.755 -0.506 -0.083  0.011 -0.011 -0.056  0.956  0.930  0.913  1.763
 211.00 -0.749 -0.510 -0.101  0.015 -0.010 -0.061  0.955  0.927  0.912  1.758
 211.00 -0.743 -0.513 -0.123  0.025 -0.007 -0.071  0.953  0.917  0.911  1.747
 211.00 -0.735 -0.516 -0.154  0.026 -0.005 -0.083  0.953  0.909  0.911  1.739
 211.00 -0.720 -0.520 -0.207  0.029  0.005 -0.104  0.959  0.888  0.912  1.720
 212.00 -0.756 -0.505 -0.082  0.009 -0.013 -0.055  0.957  0.932  0.912  1.765
 212.00 -0.751 -0.508 -0.098  0.015 -0.011 -0.061  0.954  0.925  0.912  1.757
 212.00 -0.744 -0.512 -0.120  0.024 -0.007 -0.069  0.953  0.917  0.911  1.747
 212.00 -0.735 -0.515 -0.151  0.025 -0.006 -0.082  0.955  0.909  0.911  1.738
 212.00 -0.722 -0.517 -0.199  0.031  0.005 -0.101  0.962  0.890  0.910  1.717
 213.00 -0.756 -0.503 -0.081  0.008 -0.014 -0.056  0.957  0.931  0.911  1.762
 213.00 -0.752 -0.507 -0.095  0.016 -0.011 -0.062  0.952  0.922  0.911  1.752
 213.00 -0.744 -0.511 -0.117  0.023 -0.007 -0.068  0.952  0.915  0.910  1.743
 213.00 -0.735 -0.513 -0.147  0.025 -0.006 -0.083  0.955  0.909  0.909  1.734
 213.00 -0.724 -0.514 -0.188  0.032  0.002 -0.097  0.963  0.890  0.908  1.714
 214.00 -0.757 -0.502 -0.079  0.008 -0.015 -0.056  0.956  0.930  0.911  1.761
 214.00 -0.753 -0.506 -0.093  0.018 -0.011 -0.062  0.951  0.921  0.912  1.753
 214.00 -0.745 -0.511 -0.115  0.022 -0.007 -0.067  0.953  0.916  0.911  1.745
 214.00 -0.736 -0.511 -0.142  0.024 -0.007 -0.081  0.957  0.911  0.908  1.734
 214.00 -0.727 -0.514 -0.182  0.030  0.000 -0.093  0.962  0.894  0.909  1.720
 215.00 -0.758 -0.501 -0.077  0.009 -0.015 -0.055  0.955  0.930  0.912  1.763
 215.00 -0.754 -0.507 -0.092  0.018 -0.010 -0.060  0.952  0.922  0.913  1.755
 215.00 -0.746 -0.511 -0.112  0.021 -0.007 -0.067  0.954  0.919  0.911  1.749
 215.00 -0.738 -0.509 -0.138  0.024 -0.007 -0.076  0.958  0.914  0.907  1.737
 215.00 -0.728 -0.515 -0.176  0.027 -0.002 -0.091  0.960  0.894  0.909  1.720
 216.00 -0.760 -0.501 -0.076  0.009 -0.014 -0.054  0.955  0.929  0.913  1.763
 216.00 -0.754 -0.507 -0.090  0.017 -0.009 -0.059  0.952  0.922  0.914  1.757
 216.00 -0.747 -0.510 -0.110  0.021 -0.007 -0.066  0.954  0.920  0.911  1.749
 216.00 -0.739 -0.509 -0.133  0.025 -0.006 -0.074  0.957  0.915  0.907  1.737
 216.00 -0.729 -0.516 -0.169  0.025 -0.003 -0.086  0.958  0.894  0.909  1.719
 217.00 -0.760 -0.501 -0.074  0.009 -0.013 -0.053  0.955  0.928  0.913  1.763
 217.00 -0.755 -0.507 -0.088  0.015 -0.009 -0.058  0.952  0.923  0.914  1.758
 217.00 -0.747 -0.508 -0.107  0.022 -0.008 -0.065  0.953  0.918  0.910  1.746
 217.00 -0.739 -0.508 -0.128  0.025 -0.006 -0.071  0.956  0.914  0.906  1.735
 217.00 -0.731 -0.517 -0.163  0.025 -0.003 -0.081  0.959  0.896  0.910  1.724
 218.00 -0.760 -0.501 -0.073  0.009 -0.011 -0.054  0.954  0.928  0.913  1.762
 218.00 -0.755 -0.505 -0.086  0.015 -0.009 -0.058  0.950  0.920  0.913  1.753
 218.00 -0.748 -0.507 -0.104  0.021 -0.008 -0.063  0.953  0.917  0.909  1.744
 218.00 -0.741 -0.509 -0.124  0.024 -0.004 -0.069  0.956  0.915  0.907  1.738
 218.00 -0.733 -0.518 -0.159  0.025 -0.003 -0.079  0.959  0.898  0.912  1.729
 219.00 -0.760 -0.500 -0.072  0.009 -0.011 -0.053  0.954  0.927  0.913  1.761
 219.00 -0.756 -0.504 -0.084  0.015 -0.009 -0.056  0.950  0.920  0.913  1.754
 219.00 -0.750 -0.508 -0.101  0.021 -0.007 -0.062  0.953  0.917  0.911  1.747
 219.00 -0.743 -0.510 -0.121  0.025 -0.003 -0.068  0.957  0.917  0.909  1.744
 219.00 -0.732 -0.515 -0.155  0.026 -0.005 -0.080  0.957  0.896  0.909  1.722
 220.00 -0.761 -0.500 -0.071  0.009 -0.010 -0.051  0.955  0.928  0.913  1.761
 220.00 -0.758 -0.504 -0.083  0.014 -0.010 -0.055  0.951  0.923  0.914  1.758
 220.00 -0.752 -0.508 -0.099  0.021 -0.006 -0.060  0.952  0.917  0.913  1.751
 220.00 -0.745 -0.509 -0.118  0.025 -0.003 -0.065  0.955  0.917  0.910  1.745
 220.00 -0.732 -0.514 -0.152  0.026 -0.005 -0.078  0.956  0.897  0.908  1.721
 221.00 -0.762 -0.499 -0.070  0.008 -0.010 -0.051  0.955  0.929  0.913  1.763
 221.00 -0.760 -0.503 -0.081  0.014 -0.008 -0.054  0.952  0.924  0.915  1.760
 221.00 -0.754 -0.508 -0.096  0.021 -0.004 -0.058  0.952  0.916  0.914  1.752
 221.00 -0.746 -0.509 -0.115  0.025 -0.004 -0.065  0.955  0.918  0.911  1.747
 221.00 -0.734 -0.514 -0.148  0.025 -0.004 -0.077  0.958  0.902  0.909  1.727
 222.00 -0.762 -0.498 -0.070  0.008 -0.010 -0.051  0.955  0.929  0.913  1.763
 222.00 -0.760 -0.502 -0.080  0.014 -0.008 -0.054  0.950  0.922  0.915  1.758
 222.00 -0.755 -0.507 -0.094  0.021 -0.005 -0.058  0.950  0.915  0.914  1.751
 222.00 -0.747 -0.509 -0.113  0.025 -0.004 -0.066  0.954  0.916  0.911  1.746
 222.00 -0.734 -0.514 -0.144  0.026 -0.003 -0.075  0.957  0.903  0.908  1.727
 223.00 -0.763 -0.498 -0.069  0.008 -0.010 -0.052  0.955  0.929  0.913  1.763
 223.00 -0.761 -0.502 -0.079  0.015 -0.007 -0.054  0.949  0.920  0.915  1.757
 223.00 -0.755 -0.507 -0.092  0.020 -0.005 -0.058  0.950  0.914  0.914  1.750
 223.00 -0.746 -0.509 -0.112  0.023 -0.005 -0.066  0.953  0.914  0.910  1.742
 223.00 -0.735 -0.513 -0.140  0.027 -0.003 -0.074  0.956  0.904  0.907  1.727
 224.00 -0.763 -0.497 -0.069  0.008 -0.011 -0.051  0.954  0.928  0.913  1.762
 224.00 -0.761 -0.502 -0.078  0.015 -0.007 -0.054  0.949  0.920  0.915  1.757
 224.00 -0.756 -0.507 -0.090  0.019 -0.005 -0.058  0.951  0.915  0.915  1.751
 224.00 -0.748 -0.509 -0.110  0.022 -0.005 -0.065  0.954  0.915  0.911  1.745
 224.00 -0.736 -0.512 -0.135  0.027 -0.003 -0.073  0.956  0.905  0.907  1.728
 225.00 -0.763 -0.497 -0.068  0.007 -0.011 -0.052  0.953  0.927  0.914  1.761
 225.00 -0.761 -0.503 -0.077  0.015 -0.006 -0.054  0.950  0.919  0.915  1.757
 225.00 -0.756 -0.507 -0.089  0.018 -0.004 -0.058  0.951  0.916  0.914  1.752
 225.00 -0.749 -0.509 -0.107  0.021 -0.004 -0.063  0.955  0.917  0.912  1.749
 225.00 -0.737 -0.511 -0.130  0.027 -0.002 -0.072  0.955  0.906  0.906  1.727
 226.00 -0.764 -0.498 -0.067  0.007 -0.010 -0.051  0.953  0.926  0.914  1.761
 226.00 -0.761 -0.503 -0.076  0.014 -0.005 -0.054  0.950  0.920  0.916  1.758
 226.00 -0.756 -0.506 -0.088  0.017 -0.004 -0.058  0.952  0.917  0.914  1.752
 226.00 -0.749 -0.507 -0.104  0.022 -0.004 -0.063  0.953  0.916  0.910  1.745
 226.00 -0.738 -0.509 -0.126  0.026 -0.002 -0.069  0.955  0.907  0.906  1.727
 227.00 -0.764 -0.498 -0.066  0.007 -0.009 -0.051  0.953  0.926  0.914  1.762
 227.00 -0.761 -0.503 -0.075  0.013 -0.005 -0.053  0.950  0.920  0.915  1.758
 227.00 -0.756 -0.506 -0.087  0.018 -0.004 -0.057  0.952  0.917  0.914  1.752
 227.00 -0.749 -0.504 -0.102  0.022 -0.004 -0.062  0.952  0.914  0.909  1.740
 227.00 -0.740 -0.507 -0.125  0.026 -0.003 -0.066  0.955  0.909  0.906  1.729
 228.00 -0.764 -0.498 -0.065  0.007 -0.009 -0.050  0.953  0.925  0.914  1.761
 228.00 -0.761 -0.502 -0.074  0.012 -0.005 -0.053  0.950  0.920  0.915  1.757
 228.00 -0.756 -0.504 -0.085  0.018 -0.004 -0.056  0.952  0.918  0.913  1.751
 228.00 -0.750 -0.502 -0.100  0.021 -0.004 -0.061  0.953  0.916  0.908  1.740
 228.00 -0.741 -0.507 -0.122  0.025 -0.003 -0.064  0.955  0.911  0.906  1.733
 229.00 -0.763 -0.498 -0.065  0.006 -0.008 -0.050  0.953  0.925  0.914  1.760
 229.00 -0.761 -0.501 -0.073  0.012 -0.006 -0.053  0.950  0.920  0.914  1.756
 229.00 -0.757 -0.502 -0.084  0.018 -0.004 -0.056  0.952  0.918  0.912  1.750
 229.00 -0.751 -0.501 -0.098  0.021 -0.004 -0.058  0.955  0.921  0.908  1.745
 229.00 -0.742 -0.508 -0.120  0.024 -0.003 -0.063  0.955  0.913  0.908  1.736
 230.00 -0.764 -0.498 -0.064  0.006 -0.008 -0.050  0.953  0.925  0.914  1.760
 230.00 -0.762 -0.500 -0.072  0.011 -0.006 -0.052  0.950  0.920  0.914  1.756
 230.00 -0.758 -0.501 -0.083  0.018 -0.005 -0.055  0.953  0.920  0.912  1.752
 230.00 -0.751 -0.501 -0.096  0.021 -0.004 -0.056  0.956  0.924  0.908  1.749
 230.00 -0.743 -0.509 -0.118  0.024 -0.001 -0.061  0.954  0.912  0.908  1.737
 231.00 -0.764 -0.496 -0.063  0.005 -0.008 -0.050  0.953  0.926  0.913  1.760
 231.00 -0.762 -0.499 -0.071  0.011 -0.007 -0.051  0.951  0.922  0.914  1.757
 231.00 -0.758 -0.500 -0.082  0.016 -0.006 -0.053  0.953  0.922  0.912  1.753
 231.00 -0.751 -0.501 -0.095  0.020 -0.004 -0.055  0.955  0.925  0.908  1.749
 231.00 -0.744 -0.507 -0.115  0.026 -0.001 -0.060  0.952  0.911  0.908  1.736
 232.00 -0.764 -0.495 -0.063  0.005 -0.009 -0.050  0.953  0.926  0.912  1.758
 232.00 -0.762 -0.497 -0.071  0.010 -0.008 -0.051  0.951  0.922  0.913  1.756
 232.00 -0.758 -0.499 -0.081  0.014 -0.006 -0.052  0.952  0.921  0.911  1.751
 232.00 -0.751 -0.501 -0.093  0.020 -0.004 -0.054  0.952  0.922  0.907  1.746
 232.00 -0.745 -0.506 -0.113  0.029 -0.001 -0.060  0.950  0.908  0.908  1.733
 233.00 -0.763 -0.493 -0.063  0.004 -0.009 -0.050  0.952  0.925  0.911  1.754
 233.00 -0.761 -0.496 -0.070  0.009 -0.008 -0.051  0.950  0.921  0.911  1.750
 233.00 -0.757 -0.498 -0.080  0.013 -0.006 -0.053  0.950  0.919  0.909  1.746
 233.00 -0.751 -0.500 -0.092  0.021 -0.003 -0.056  0.949  0.918  0.907  1.741
 233.00 -0.746 -0.505 -0.110  0.030  0.000 -0.061  0.948  0.905  0.908  1.729
 234.00 -0.763 -0.493 -0.063  0.004 -0.010 -0.050  0.953  0.926  0.910  1.754
 234.00 -0.761 -0.495 -0.070  0.008 -0.008 -0.051  0.950  0.922  0.911  1.751
 234.00 -0.758 -0.498 -0.079  0.012 -0.006 -0.052  0.951  0.921  0.910  1.749
 234.00 -0.754 -0.500 -0.090  0.022 -0.003 -0.055  0.949  0.917  0.909  1.744
 234.00 -0.748 -0.506 -0.108  0.030  0.001 -0.059  0.948  0.905  0.910  1.733
 235.00 -0.763 -0.493 -0.063  0.003 -0.010 -0.048  0.954  0.928  0.910  1.757
 235.00 -0.762 -0.496 -0.070  0.007 -0.008 -0.049  0.952  0.924  0.912  1.755
 235.00 -0.760 -0.498 -0.079  0.013 -0.006 -0.050  0.952  0.922  0.912  1.754
 235.00 -0.757 -0.500 -0.089  0.022 -0.002 -0.053  0.950  0.917  0.912  1.749
 235.00 -0.751 -0.507 -0.106  0.028  0.002 -0.056  0.949  0.908  0.912  1.740
 236.00 -0.763 -0.492 -0.062  0.002 -0.011 -0.048  0.955  0.928  0.910  1.756
 236.00 -0.762 -0.495 -0.070  0.006 -0.009 -0.049  0.952  0.925  0.911  1.755
 236.00 -0.760 -0.498 -0.078  0.014 -0.006 -0.050  0.950  0.920  0.912  1.752
 236.00 -0.758 -0.500 -0.088  0.022 -0.002 -0.053  0.949  0.915  0.912  1.747
 236.00 -0.751 -0.507 -0.104  0.027  0.002 -0.055  0.949  0.909  0.912  1.741
 237.00 -0.762 -0.491 -0.062  0.001 -0.011 -0.048  0.955  0.928  0.909  1.753
 237.00 -0.761 -0.494 -0.069  0.006 -0.009 -0.049  0.951  0.923  0.910  1.752
 237.00 -0.761 -0.497 -0.077  0.014 -0.005 -0.050  0.949  0.917  0.912  1.749
 237.00 -0.758 -0.500 -0.087  0.021 -0.002 -0.053  0.948  0.914  0.912  1.746
 237.00 -0.751 -0.506 -0.102  0.026  0.002 -0.056  0.949  0.909  0.912  1.740
 238.00 -0.761 -0.491 -0.062  0.001 -0.011 -0.048  0.955  0.928  0.908  1.753
 238.00 -0.762 -0.494 -0.069  0.007 -0.009 -0.049  0.950  0.922  0.910  1.751
 238.00 -0.762 -0.497 -0.076  0.015 -0.005 -0.050  0.949  0.917  0.913  1.750
 238.00 -0.758 -0.501 -0.086  0.020 -0.001 -0.052  0.949  0.916  0.912  1.748
 238.00 -0.752 -0.505 -0.099  0.024  0.001 -0.056  0.949  0.910  0.911  1.741
 239.00 -0.762 -0.490 -0.062  0.001 -0.011 -0.047  0.955  0.929  0.908  1.753
 239.00 -0.763 -0.494 -0.068  0.007 -0.008 -0.048  0.950  0.922  0.911  1.752
 239.00 -0.763 -0.498 -0.075  0.014 -0.004 -0.050  0.949  0.917  0.914  1.752
 239.00 -0.759 -0.500 -0.085  0.018 -0.001 -0.051  0.950  0.917  0.913  1.750
 239.00 -0.754 -0.503 -0.096  0.023  0.000 -0.056  0.949  0.912  0.911  1.742
 240.00 -0.762 -0.490 -0.061  0.001 -0.011 -0.047  0.954  0.928  0.908  1.752
 240.00 -0.763 -0.494 -0.067  0.007 -0.008 -0.048  0.949  0.921  0.912  1.752
 240.00 -0.762 -0.498 -0.075  0.013 -0.004 -0.050  0.949  0.917  0.913  1.751
 240.00 -0.759 -0.499 -0.083  0.019 -0.002 -0.052  0.950  0.917  0.912  1.750
 240.00 -0.754 -0.502 -0.093  0.023 -0.001 -0.057  0.948  0.913  0.911  1.742
 241.00 -0.762 -0.489 -0.061  0.001 -0.010 -0.047  0.954  0.927  0.908  1.751
 241.00 -0.763 -0.494 -0.066  0.007 -0.007 -0.049  0.948  0.919  0.911  1.750
 241.00 -0.762 -0.497 -0.074  0.013 -0.004 -0.050  0.948  0.916  0.912  1.749
 241.00 -0.759 -0.498 -0.081  0.019 -0.002 -0.053  0.949  0.917  0.911  1.747
 241.00 -0.755 -0.501 -0.090  0.023 -0.002 -0.059  0.948  0.913  0.911  1.743
 242.00 -0.762 -0.489 -0.060  0.001 -0.009 -0.048  0.953  0.926  0.907  1.749
 242.00 -0.763 -0.493 -0.066  0.006 -0.007 -0.049  0.948  0.919  0.911  1.749
 242.00 -0.762 -0.497 -0.073  0.012 -0.005 -0.050  0.948  0.917  0.912  1.749
 242.00 -0.759 -0.498 -0.078  0.018 -0.003 -0.054  0.948  0.917  0.911  1.747
 242.00 -0.756 -0.501 -0.088  0.023 -0.002 -0.059  0.946  0.912  0.911  1.742
 243.00 -0.762 -0.488 -0.060  0.001 -0.009 -0.048  0.952  0.924  0.907  1.747
 243.00 -0.763 -0.492 -0.065  0.005 -0.007 -0.050  0.948  0.918  0.910  1.746
 243.00 -0.762 -0.496 -0.071  0.011 -0.005 -0.052  0.947  0.916  0.912  1.747
 243.00 -0.759 -0.497 -0.076  0.017 -0.004 -0.055  0.947  0.916  0.911  1.745
 243.00 -0.756 -0.500 -0.086  0.023 -0.003 -0.060  0.944  0.909  0.910  1.738
 244.00 -0.762 -0.487 -0.059  0.001 -0.008 -0.049  0.952  0.923  0.906  1.744
 244.00 -0.763 -0.491 -0.065  0.005 -0.007 -0.050  0.948  0.917  0.910  1.745
 244.00 -0.762 -0.495 -0.069  0.011 -0.005 -0.053  0.946  0.915  0.911  1.745
 244.00 -0.760 -0.496 -0.075  0.017 -0.004 -0.056  0.946  0.915  0.911  1.744
 244.00 -0.756 -0.499 -0.085  0.022 -0.003 -0.059  0.944  0.909  0.910  1.738
 245.00 -0.762 -0.487 -0.059  0.001 -0.007 -0.048  0.953  0.925  0.907  1.747
 245.00 -0.764 -0.491 -0.063  0.004 -0.006 -0.049  0.948  0.919  0.910  1.747
 245.00 -0.764 -0.494 -0.068  0.010 -0.005 -0.052  0.947  0.915  0.912  1.748
 245.00 -0.762 -0.496 -0.074  0.017 -0.004 -0.054  0.946  0.916  0.912  1.747
 245.00 -0.758 -0.499 -0.084  0.021 -0.003 -0.056  0.945  0.911  0.911  1.741
 246.00 -0.762 -0.487 -0.059  0.001 -0.007 -0.048  0.953  0.926  0.907  1.748
 246.00 -0.764 -0.490 -0.062  0.004 -0.006 -0.049  0.948  0.918  0.910  1.747
 246.00 -0.764 -0.493 -0.067  0.010 -0.005 -0.052  0.946  0.915  0.912  1.747
 246.00 -0.762 -0.495 -0.073  0.015 -0.004 -0.054  0.946  0.914  0.911  1.745
 246.00 -0.757 -0.498 -0.083  0.019 -0.004 -0.055  0.944  0.911  0.910  1.739
 247.00 -0.762 -0.486 -0.058  0.001 -0.006 -0.048  0.953  0.925  0.906  1.746
 247.00 -0.764 -0.489 -0.061  0.005 -0.005 -0.050  0.948  0.917  0.909  1.744
 247.00 -0.764 -0.492 -0.066  0.009 -0.005 -0.052  0.946  0.913  0.911  1.743
 247.00 -0.761 -0.493 -0.072  0.014 -0.005 -0.053  0.945  0.913  0.910  1.741
 247.00 -0.757 -0.496 -0.083  0.017 -0.005 -0.055  0.944  0.912  0.909  1.738
 248.00 -0.762 -0.486 -0.057  0.001 -0.006 -0.049  0.953  0.925  0.905  1.745
 248.00 -0.764 -0.488 -0.061  0.005 -0.005 -0.051  0.948  0.917  0.909  1.743
 248.00 -0.765 -0.490 -0.065  0.009 -0.005 -0.051  0.946  0.913  0.911  1.743
 248.00 -0.762 -0.493 -0.072  0.012 -0.005 -0.053  0.946  0.914  0.910  1.742
 248.00 -0.757 -0.495 -0.082  0.015 -0.006 -0.054  0.945  0.914  0.909  1.740
 249.00 -0.762 -0.485 -0.056  0.002 -0.006 -0.049  0.952  0.924  0.905  1.743
 249.00 -0.765 -0.487 -0.060  0.006 -0.005 -0.051  0.949  0.918  0.909  1.744
 249.00 -0.765 -0.490 -0.065  0.008 -0.005 -0.051  0.947  0.914  0.911  1.744
 249.00 -0.762 -0.492 -0.072  0.009 -0.005 -0.052  0.946  0.916  0.910  1.744
 249.00 -0.758 -0.494 -0.081  0.014 -0.006 -0.053  0.945  0.916  0.909  1.741
 250.00 -0.762 -0.485 -0.055  0.002 -0.006 -0.049  0.952  0.923  0.905  1.743
 250.00 -0.765 -0.487 -0.060  0.006 -0.005 -0.050  0.949  0.919  0.908  1.744
 250.00 -0.765 -0.489 -0.065  0.006 -0.005 -0.051  0.948  0.917  0.910  1.745
 250.00 -0.762 -0.491 -0.071  0.008 -0.006 -0.051  0.947  0.917  0.909  1.744
 250.00 -0.758 -0.494 -0.080  0.013 -0.006 -0.053  0.944  0.915  0.908  1.740
